0.0000E+00  0.000000E+00  0.000000E+00  0.000000E+00  0.000000E+00  0.000000E+00  0.000000E+00  0.000000E+00  0.000000E+00  0.000000E+00  
1.0606E+02  -2.337424E-04  -1.639813E-04  -1.342093E-04  -1.928357E-04  -1.518051E-04  -2.612430E-04  -1.601038E-04  -1.696889E-04  -1.930385E-04  
2.1535E+02  -4.755158E-04  -3.092839E-04  -2.687647E-04  -3.667938E-04  -2.919455E-04  -5.234542E-04  -2.931899E-04  -3.714226E-04  -3.910020E-04  
3.2629E+02  -6.676029E-04  -4.431772E-04  -3.853875E-04  -5.323994E-04  -4.360720E-04  -8.078237E-04  -4.337462E-04  -5.268392E-04  -5.674337E-04  
4.3871E+02  -9.092013E-04  -5.703940E-04  -5.062490E-04  -7.065816E-04  -5.553172E-04  -1.025842E-03  -5.509823E-04  -7.098163E-04  -7.522744E-04  
5.5092E+02  -1.106250E-03  -7.083217E-04  -6.377825E-04  -8.734549E-04  -7.039886E-04  -1.331671E-03  -7.100606E-04  -8.717605E-04  -9.193321E-04  
6.5775E+02  -1.358683E-03  -8.646109E-04  -7.635815E-04  -1.057991E-03  -8.210950E-04  -1.573193E-03  -8.455877E-04  -1.050250E-03  -1.103724E-03  
7.6334E+02  -1.567260E-03  -1.023732E-03  -9.009569E-04  -1.238039E-03  -9.937847E-04  -1.883100E-03  -1.001841E-03  -1.220986E-03  -1.306837E-03  
8.6692E+02  -1.831728E-03  -1.181667E-03  -1.036865E-03  -1.430016E-03  -1.136489E-03  -2.114443E-03  -1.150058E-03  -1.412981E-03  -1.515451E-03  
9.6265E+02  -2.017359E-03  -1.306094E-03  -1.145445E-03  -1.576781E-03  -1.275688E-03  -2.401915E-03  -1.280316E-03  -1.598953E-03  -1.694878E-03  
1.0442E+03  -2.211548E-03  -1.435709E-03  -1.239136E-03  -1.695401E-03  -1.367703E-03  -2.662070E-03  -1.402535E-03  -1.780597E-03  -1.897267E-03  
1.1057E+03  -2.335210E-03  -1.537202E-03  -1.288708E-03  -1.750098E-03  -1.431315E-03  -2.922308E-03  -1.482931E-03  -1.905222E-03  -2.050493E-03  
1.1497E+03  -2.435564E-03  -1.633916E-03  -1.341056E-03  -1.795484E-03  -1.491586E-03  -3.153356E-03  -1.588166E-03  -2.051198E-03  -2.213960E-03  
1.1797E+03  -2.495555E-03  -1.714013E-03  -1.379452E-03  -1.811772E-03  -1.547405E-03  -3.382627E-03  -1.698036E-03  -2.188631E-03  -2.357234E-03  
1.2021E+03  -2.543676E-03  -1.796654E-03  -1.416038E-03  -1.830559E-03  -1.600915E-03  -3.600187E-03  -1.814307E-03  -2.326954E-03  -2.503598E-03  
1.2209E+03  -2.560437E-03  -1.867861E-03  -1.444500E-03  -1.833553E-03  -1.648109E-03  -3.807524E-03  -1.920787E-03  -2.438012E-03  -2.631565E-03  
1.2386E+03  -2.562583E-03  -1.919493E-03  -1.460349E-03  -1.826849E-03  -1.681617E-03  -3.980401E-03  -2.015264E-03  -2.542329E-03  -2.742792E-03  
1.2546E+03  -2.553170E-03  -1.962064E-03  -1.473801E-03  -1.817795E-03  -1.711844E-03  -4.153247E-03  -2.104414E-03  -2.631910E-03  -2.850096E-03  
1.2679E+03  -2.543059E-03  -2.000249E-03  -1.488219E-03  -1.807890E-03  -1.736941E-03  -4.309522E-03  -2.186601E-03  -2.718041E-03  -2.947861E-03  
1.2790E+03  -2.532114E-03  -2.035467E-03  -1.500260E-03  -1.802418E-03  -1.761718E-03  -4.461915E-03  -2.270426E-03  -2.801535E-03  -3.041728E-03  
1.2891E+03  -2.518429E-03  -2.066147E-03  -1.510173E-03  -1.796889E-03  -1.784999E-03  -4.606007E-03  -2.351364E-03  -2.882125E-03  -3.131078E-03  
1.2985E+03  -2.498697E-03  -2.092119E-03  -1.520411E-03  -1.793443E-03  -1.804124E-03  -4.745818E-03  -2.430476E-03  -2.955960E-03  -3.212477E-03  
1.3076E+03  -2.479984E-03  -2.113953E-03  -1.526874E-03  -1.789583E-03  -1.819957E-03  -4.879629E-03  -2.506009E-03  -3.025164E-03  -3.288752E-03  
1.3161E+03  -2.463786E-03  -2.132609E-03  -1.533029E-03  -1.783818E-03  -1.833066E-03  -5.010940E-03  -2.577643E-03  -3.089362E-03  -3.360914E-03  
1.3239E+03  -2.447456E-03  -2.150178E-03  -1.538139E-03  -1.779468E-03  -1.844717E-03  -5.136938E-03  -2.647180E-03  -3.153000E-03  -3.429669E-03  
1.3311E+03  -2.433903E-03  -2.166439E-03  -1.542118E-03  -1.775029E-03  -1.855631E-03  -5.253474E-03  -2.713625E-03  -3.211429E-03  -3.496200E-03  
1.3380E+03  -2.420805E-03  -2.182389E-03  -1.546117E-03  -1.770080E-03  -1.865865E-03  -5.366290E-03  -2.778992E-03  -3.269095E-03  -3.562960E-03  
1.3445E+03  -2.410395E-03  -2.196764E-03  -1.549532E-03  -1.765553E-03  -1.874725E-03  -5.473058E-03  -2.839348E-03  -3.323741E-03  -3.624866E-03  
1.3508E+03  -2.399958E-03  -2.210274E-03  -1.552390E-03  -1.761288E-03  -1.882410E-03  -5.578943E-03  -2.898055E-03  -3.379011E-03  -3.686236E-03  
1.3568E+03  -2.390901E-03  -2.223330E-03  -1.554836E-03  -1.756949E-03  -1.890079E-03  -5.678714E-03  -2.952380E-03  -3.430273E-03  -3.744263E-03  
1.3628E+03  -2.381722E-03  -2.235244E-03  -1.558100E-03  -1.753592E-03  -1.897222E-03  -5.779146E-03  -3.004683E-03  -3.481782E-03  -3.802710E-03  
1.3684E+03  -2.371705E-03  -2.246273E-03  -1.560308E-03  -1.749910E-03  -1.904438E-03  -5.879308E-03  -3.055890E-03  -3.531550E-03  -3.858244E-03  
1.3738E+03  -2.362289E-03  -2.256083E-03  -1.561873E-03  -1.747211E-03  -1.910901E-03  -5.974526E-03  -3.105648E-03  -3.580386E-03  -3.913070E-03  
1.3790E+03  -2.351848E-03  -2.265272E-03  -1.563628E-03  -1.744077E-03  -1.917628E-03  -6.067188E-03  -3.153948E-03  -3.628180E-03  -3.965759E-03  
1.3839E+03  -2.342581E-03  -2.273568E-03  -1.564933E-03  -1.740405E-03  -1.922819E-03  -6.159437E-03  -3.202044E-03  -3.675533E-03  -4.016734E-03  
1.3888E+03  -2.332464E-03  -2.280931E-03  -1.566325E-03  -1.737903E-03  -1.928464E-03  -6.256813E-03  -3.250261E-03  -3.722770E-03  -4.066941E-03  
1.3936E+03  -2.322565E-03  -2.287585E-03  -1.567738E-03  -1.735587E-03  -1.934143E-03  -6.351092E-03  -3.297768E-03  -3.769052E-03  -4.116580E-03  
1.3981E+03  -2.312850E-03  -2.292599E-03  -1.568709E-03  -1.732549E-03  -1.938316E-03  -6.444914E-03  -3.343732E-03  -3.813959E-03  -4.163265E-03  
1.4027E+03  -2.303559E-03  -2.298217E-03  -1.570405E-03  -1.729692E-03  -1.942717E-03  -6.538836E-03  -3.389610E-03  -3.858998E-03  -4.212114E-03  
1.4070E+03  -2.294630E-03  -2.302898E-03  -1.570578E-03  -1.727012E-03  -1.947042E-03  -6.629928E-03  -3.433656E-03  -3.903117E-03  -4.257930E-03  
1.4113E+03  -2.285454E-03  -2.307227E-03  -1.571225E-03  -1.725296E-03  -1.950843E-03  -6.721154E-03  -3.478421E-03  -3.947590E-03  -4.305077E-03  
1.4154E+03  -2.276490E-03  -2.311561E-03  -1.571989E-03  -1.723306E-03  -1.954509E-03  -6.808487E-03  -3.521724E-03  -3.990057E-03  -4.350762E-03  
1.4195E+03  -2.269108E-03  -2.314948E-03  -1.572229E-03  -1.721365E-03  -1.958123E-03  -6.896550E-03  -3.566612E-03  -4.032086E-03  -4.395676E-03  
1.4235E+03  -2.261541E-03  -2.318961E-03  -1.572595E-03  -1.720270E-03  -1.961404E-03  -6.982043E-03  -3.610161E-03  -4.074171E-03  -4.440454E-03  
1.4273E+03  -2.254492E-03  -2.322035E-03  -1.572340E-03  -1.718426E-03  -1.964497E-03  -7.065525E-03  -3.651540E-03  -4.115220E-03  -4.483750E-03  
1.4312E+03  -2.247267E-03  -2.325197E-03  -1.572550E-03  -1.717014E-03  -1.967129E-03  -7.149008E-03  -3.693387E-03  -4.156786E-03  -4.527523E-03  
1.4349E+03  -2.240604E-03  -2.327614E-03  -1.572002E-03  -1.715157E-03  -1.970235E-03  -7.229977E-03  -3.733674E-03  -4.197282E-03  -4.570549E-03  
1.4385E+03  -2.235276E-03  -2.330101E-03  -1.571560E-03  -1.713850E-03  -1.972633E-03  -7.304851E-03  -3.773287E-03  -4.236711E-03  -4.611770E-03  
1.4421E+03  -2.228212E-03  -2.332388E-03  -1.571922E-03  -1.712935E-03  -1.974920E-03  -7.379190E-03  -3.812454E-03  -4.276119E-03  -4.652825E-03  
1.4457E+03  -2.222206E-03  -2.334310E-03  -1.571314E-03  -1.711285E-03  -1.977445E-03  -7.452136E-03  -3.850960E-03  -4.314720E-03  -4.694120E-03  
1.4491E+03  -2.218165E-03  -2.335857E-03  -1.571243E-03  -1.709606E-03  -1.979448E-03  -7.522500E-03  -3.888382E-03  -4.352038E-03  -4.733814E-03  
1.4525E+03  -2.212638E-03  -2.337612E-03  -1.570639E-03  -1.708408E-03  -1.981965E-03  -7.591753E-03  -3.925074E-03  -4.390375E-03  -4.773338E-03  
1.4559E+03  -2.208400E-03  -2.339379E-03  -1.570132E-03  -1.706718E-03  -1.984157E-03  -7.661017E-03  -3.962448E-03  -4.428002E-03  -4.813996E-03  
1.4592E+03  -2.203422E-03  -2.341588E-03  -1.570193E-03  -1.705176E-03  -1.986440E-03  -7.726819E-03  -3.998447E-03  -4.464442E-03  -4.852857E-03  
1.4624E+03  -2.199893E-03  -2.343225E-03  -1.569735E-03  -1.704260E-03  -1.988465E-03  -7.790759E-03  -4.033531E-03  -4.500166E-03  -4.890607E-03  
1.4655E+03  -2.196193E-03  -2.344725E-03  -1.569488E-03  -1.703078E-03  -1.990384E-03  -7.853750E-03  -4.068464E-03  -4.535947E-03  -4.928600E-03  
1.4686E+03  -2.192280E-03  -2.345644E-03  -1.569207E-03  -1.702122E-03  -1.991883E-03  -7.915598E-03  -4.103136E-03  -4.571050E-03  -4.966456E-03  
1.4718E+03  -2.188532E-03  -2.346923E-03  -1.569054E-03  -1.701120E-03  -1.993566E-03  -7.976853E-03  -4.137599E-03  -4.606107E-03  -5.003740E-03  
1.4748E+03  -2.185661E-03  -2.347923E-03  -1.569875E-03  -1.700401E-03  -1.995066E-03  -8.037089E-03  -4.171491E-03  -4.640568E-03  -5.040890E-03  
1.4777E+03  -2.182141E-03  -2.348879E-03  -1.569328E-03  -1.699833E-03  -1.996536E-03  -8.094001E-03  -4.204500E-03  -4.673099E-03  -5.076992E-03  
1.4807E+03  -2.178931E-03  -2.350348E-03  -1.569268E-03  -1.699017E-03  -1.997756E-03  -8.152251E-03  -4.237220E-03  -4.706525E-03  -5.113129E-03  
1.4836E+03  -2.175844E-03  -2.351338E-03  -1.569178E-03  -1.698192E-03  -1.999209E-03  -8.212122E-03  -4.270808E-03  -4.739699E-03  -5.149416E-03  
1.4864E+03  -2.171929E-03  -2.352251E-03  -1.568733E-03  -1.697299E-03  -2.000166E-03  -8.270890E-03  -4.302316E-03  -4.771827E-03  -5.185325E-03  
1.4892E+03  -2.168518E-03  -2.353516E-03  -1.569256E-03  -1.696833E-03  -2.001249E-03  -8.327373E-03  -4.333330E-03  -4.803250E-03  -5.219959E-03  
1.4920E+03  -2.165255E-03  -2.354389E-03  -1.569639E-03  -1.696396E-03  -2.002281E-03  -8.384123E-03  -4.363508E-03  -4.834253E-03  -5.254508E-03  
1.4947E+03  -2.161505E-03  -2.355263E-03  -1.569905E-03  -1.695557E-03  -2.003221E-03  -8.441650E-03  -4.394355E-03  -4.865900E-03  -5.289442E-03  
1.4973E+03  -2.158045E-03  -2.355944E-03  -1.570172E-03  -1.695421E-03  -2.003911E-03  -8.497032E-03  -4.424117E-03  -4.895901E-03  -5.323077E-03  
1.5000E+03  -2.155657E-03  -2.357297E-03  -1.570398E-03  -1.695415E-03  -2.005062E-03  -8.553949E-03  -4.454366E-03  -4.926782E-03  -5.357513E-03  
1.5026E+03  -2.152379E-03  -2.358208E-03  -1.570611E-03  -1.694782E-03  -2.006041E-03  -8.608527E-03  -4.482710E-03  -4.955917E-03  -5.390541E-03  
1.5051E+03  -2.149669E-03  -2.358613E-03  -1.570645E-03  -1.694511E-03  -2.006547E-03  -8.662226E-03  -4.511334E-03  -4.985055E-03  -5.423482E-03  
1.5077E+03  -2.146470E-03  -2.359202E-03  -1.570732E-03  -1.694400E-03  -2.007071E-03  -8.716802E-03  -4.539283E-03  -5.014583E-03  -5.457187E-03  
1.5102E+03  -2.143986E-03  -2.360287E-03  -1.570466E-03  -1.694110E-03  -2.007770E-03  -8.769847E-03  -4.566955E-03  -5.042820E-03  -5.489282E-03  
1.5126E+03  -2.141883E-03  -2.360814E-03  -1.570671E-03  -1.694069E-03  -2.008441E-03  -8.823579E-03  -4.594250E-03  -5.071625E-03  -5.521220E-03  
1.5150E+03  -2.139067E-03  -2.361459E-03  -1.570442E-03  -1.693487E-03  -2.008831E-03  -8.875096E-03  -4.620520E-03  -5.098788E-03  -5.553001E-03  
1.5174E+03  -2.136405E-03  -2.362069E-03  -1.570185E-03  -1.693348E-03  -2.009413E-03  -8.927253E-03  -4.647209E-03  -5.126619E-03  -5.584109E-03  
1.5197E+03  -2.133758E-03  -2.362450E-03  -1.570225E-03  -1.692880E-03  -2.009892E-03  -8.978482E-03  -4.673164E-03  -5.154200E-03  -5.615801E-03  
1.5220E+03  -2.131019E-03  -2.363381E-03  -1.569968E-03  -1.692626E-03  -2.010382E-03  -9.028827E-03  -4.698338E-03  -5.180748E-03  -5.645402E-03  
1.5243E+03  -2.128113E-03  -2.363721E-03  -1.569879E-03  -1.692445E-03  -2.010544E-03  -9.078271E-03  -4.723635E-03  -5.206931E-03  -5.676505E-03  
1.5265E+03  -2.125792E-03  -2.364352E-03  -1.569943E-03  -1.691780E-03  -2.010928E-03  -9.128179E-03  -4.748218E-03  -5.233068E-03  -5.706758E-03  
1.5287E+03  -2.122870E-03  -2.364649E-03  -1.569770E-03  -1.691517E-03  -2.010969E-03  -9.176199E-03  -4.772515E-03  -5.259471E-03  -5.737074E-03  
1.5309E+03  -2.120038E-03  -2.365159E-03  -1.569284E-03  -1.691120E-03  -2.011083E-03  -9.224761E-03  -4.797241E-03  -5.284269E-03  -5.766396E-03  
1.5330E+03  -2.117268E-03  -2.365230E-03  -1.568998E-03  -1.690870E-03  -2.011051E-03  -9.271664E-03  -4.821385E-03  -5.308713E-03  -5.795464E-03  
1.5351E+03  -2.114635E-03  -2.365263E-03  -1.569029E-03  -1.690347E-03  -2.011219E-03  -9.317524E-03  -4.844570E-03  -5.332740E-03  -5.823934E-03  
1.5372E+03  -2.111205E-03  -2.365509E-03  -1.568792E-03  -1.689807E-03  -2.011467E-03  -9.363733E-03  -4.867710E-03  -5.357415E-03  -5.852649E-03  
1.5393E+03  -2.108638E-03  -2.365635E-03  -1.568500E-03  -1.689538E-03  -2.011462E-03  -9.410529E-03  -4.890671E-03  -5.381496E-03  -5.881136E-03  
1.5413E+03  -2.106441E-03  -2.365559E-03  -1.568228E-03  -1.688893E-03  -2.011566E-03  -9.455310E-03  -4.911837E-03  -5.404844E-03  -5.908746E-03  
1.5433E+03  -2.103702E-03  -2.365417E-03  -1.567697E-03  -1.688386E-03  -2.011307E-03  -9.500936E-03  -4.934033E-03  -5.427949E-03  -5.936080E-03  
1.5452E+03  -2.101591E-03  -2.365297E-03  -1.567499E-03  -1.687994E-03  -2.011414E-03  -9.545504E-03  -4.955697E-03  -5.450699E-03  -5.963624E-03  
1.5472E+03  -2.099182E-03  -2.365028E-03  -1.567186E-03  -1.687747E-03  -2.011281E-03  -9.591098E-03  -4.976779E-03  -5.474082E-03  -5.990470E-03  
1.5490E+03  -2.096633E-03  -2.364390E-03  -1.566523E-03  -1.687108E-03  -2.011086E-03  -9.635305E-03  -4.997022E-03  -5.496082E-03  -6.016481E-03  
1.5509E+03  -2.094398E-03  -2.364720E-03  -1.566235E-03  -1.686655E-03  -2.011363E-03  -9.680284E-03  -5.017565E-03  -5.517665E-03  -6.043101E-03  
1.5528E+03  -2.092066E-03  -2.364386E-03  -1.565566E-03  -1.686092E-03  -2.011256E-03  -9.724899E-03  -5.037623E-03  -5.539388E-03  -6.068951E-03  
1.5546E+03  -2.090683E-03  -2.363981E-03  -1.565110E-03  -1.685370E-03  -2.011375E-03  -9.768049E-03  -5.057707E-03  -5.560892E-03  -6.094857E-03  
1.5564E+03  -2.089384E-03  -2.363266E-03  -1.564960E-03  -1.684791E-03  -2.011220E-03  -9.813078E-03  -5.077136E-03  -5.582284E-03  -6.120549E-03  
1.5582E+03  -2.086877E-03  -2.363153E-03  -1.564114E-03  -1.684024E-03  -2.011208E-03  -9.856083E-03  -5.096356E-03  -5.602970E-03  -6.146219E-03  
1.5599E+03  -2.085466E-03  -2.362796E-03  -1.564159E-03  -1.683592E-03  -2.011113E-03  -9.900178E-03  -5.115983E-03  -5.623654E-03  -6.171006E-03  
1.5616E+03  -2.083335E-03  -2.362128E-03  -1.563180E-03  -1.683048E-03  -2.011012E-03  -9.943355E-03  -5.134720E-03  -5.643864E-03  -6.195309E-03  
1.5633E+03  -2.081833E-03  -2.361750E-03  -1.562598E-03  -1.682589E-03  -2.011231E-03  -9.987005E-03  -5.152904E-03  -5.664084E-03  -6.219891E-03  
1.5650E+03  -2.080642E-03  -2.360740E-03  -1.561641E-03  -1.682287E-03  -2.011009E-03  -1.002928E-02  -5.171133E-03  -5.683421E-03  -6.243859E-03  
1.5666E+03  -2.078717E-03  -2.360536E-03  -1.561091E-03  -1.681859E-03  -2.010847E-03  -1.007153E-02  -5.189445E-03  -5.703041E-03  -6.267310E-03  
1.5682E+03  -2.077227E-03  -2.359904E-03  -1.560156E-03  -1.682014E-03  -2.011184E-03  -1.011247E-02  -5.206568E-03  -5.722213E-03  -6.290569E-03  
1.5698E+03  -2.075600E-03  -2.359315E-03  -1.559073E-03  -1.681661E-03  -2.011219E-03  -1.015427E-02  -5.224528E-03  -5.740913E-03  -6.314045E-03  
1.5714E+03  -2.074500E-03  -2.358664E-03  -1.558599E-03  -1.681420E-03  -2.011297E-03  -1.019634E-02  -5.240998E-03  -5.760132E-03  -6.337075E-03  
1.5730E+03  -2.073133E-03  -2.358361E-03  -1.557962E-03  -1.681064E-03  -2.011299E-03  -1.023682E-02  -5.258913E-03  -5.778266E-03  -6.359671E-03  
1.5745E+03  -2.071167E-03  -2.357378E-03  -1.556856E-03  -1.680414E-03  -2.011452E-03  -1.027684E-02  -5.274654E-03  -5.796250E-03  -6.382106E-03  
1.5760E+03  -2.069610E-03  -2.356403E-03  -1.556617E-03  -1.680055E-03  -2.011565E-03  -1.031751E-02  -5.291468E-03  -5.814126E-03  -6.404277E-03  
1.5775E+03  -2.068761E-03  -2.355662E-03  -1.555677E-03  -1.679828E-03  -2.011428E-03  -1.035683E-02  -5.307038E-03  -5.831463E-03  -6.425520E-03  
1.5789E+03  -2.067698E-03  -2.354989E-03  -1.555151E-03  -1.679328E-03  -2.011433E-03  -1.039717E-02  -5.322903E-03  -5.849043E-03  -6.446821E-03  
1.5804E+03  -2.066443E-03  -2.353884E-03  -1.553964E-03  -1.678885E-03  -2.011358E-03  -1.043724E-02  -5.338471E-03  -5.865873E-03  -6.468047E-03  
1.5818E+03  -2.065030E-03  -2.353114E-03  -1.553075E-03  -1.678820E-03  -2.011392E-03  -1.047651E-02  -5.353050E-03  -5.882693E-03  -6.489307E-03  
1.5832E+03  -2.063430E-03  -2.352136E-03  -1.552351E-03  -1.678235E-03  -2.011193E-03  -1.051588E-02  -5.367934E-03  -5.898892E-03  -6.509753E-03  
1.5846E+03  -2.062419E-03  -2.351163E-03  -1.551542E-03  -1.677920E-03  -2.011129E-03  -1.055567E-02  -5.382487E-03  -5.915307E-03  -6.529402E-03  
1.5860E+03  -2.061216E-03  -2.350030E-03  -1.551168E-03  -1.677373E-03  -2.011030E-03  -1.059501E-02  -5.397079E-03  -5.931230E-03  -6.549186E-03  
1.5873E+03  -2.059885E-03  -2.349303E-03  -1.550550E-03  -1.676989E-03  -2.010779E-03  -1.063416E-02  -5.410993E-03  -5.947300E-03  -6.568900E-03  
1.5886E+03  -2.058736E-03  -2.348324E-03  -1.550087E-03  -1.676602E-03  -2.010936E-03  -1.067291E-02  -5.424970E-03  -5.962819E-03  -6.588274E-03  
1.5899E+03  -2.057792E-03  -2.347376E-03  -1.549391E-03  -1.675675E-03  -2.010642E-03  -1.071056E-02  -5.438218E-03  -5.978180E-03  -6.607288E-03  
1.5912E+03  -2.056771E-03  -2.346377E-03  -1.548050E-03  -1.675161E-03  -2.010282E-03  -1.074715E-02  -5.450532E-03  -5.992665E-03  -6.626039E-03  
1.5925E+03  -2.055414E-03  -2.345312E-03  -1.547951E-03  -1.675003E-03  -2.010339E-03  -1.078484E-02  -5.463153E-03  -6.008307E-03  -6.644645E-03  
1.5937E+03  -2.053974E-03  -2.344336E-03  -1.547219E-03  -1.674545E-03  -2.010294E-03  -1.082115E-02  -5.475574E-03  -6.022853E-03  -6.662787E-03  
1.5950E+03  -2.053044E-03  -2.343402E-03  -1.546710E-03  -1.674357E-03  -2.010500E-03  -1.085772E-02  -5.487888E-03  -6.037801E-03  -6.681097E-03  
1.5962E+03  -2.052346E-03  -2.342357E-03  -1.546298E-03  -1.673967E-03  -2.010236E-03  -1.089325E-02  -5.499402E-03  -6.051570E-03  -6.698695E-03  
1.5974E+03  -2.050828E-03  -2.340757E-03  -1.545722E-03  -1.673338E-03  -2.010081E-03  -1.092922E-02  -5.511219E-03  -6.066050E-03  -6.716470E-03  
1.5986E+03  -2.050287E-03  -2.339623E-03  -1.545165E-03  -1.672582E-03  -2.010134E-03  -1.096490E-02  -5.522365E-03  -6.079803E-03  -6.733635E-03  
1.5997E+03  -2.049168E-03  -2.337985E-03  -1.544234E-03  -1.672064E-03  -2.009934E-03  -1.099985E-02  -5.532723E-03  -6.093942E-03  -6.750474E-03  
1.6009E+03  -2.048806E-03  -2.337186E-03  -1.543521E-03  -1.671738E-03  -2.010039E-03  -1.103567E-02  -5.544453E-03  -6.107829E-03  -6.767566E-03  
1.6020E+03  -2.047718E-03  -2.335918E-03  -1.542730E-03  -1.671234E-03  -2.009938E-03  -1.106950E-02  -5.555285E-03  -6.120987E-03  -6.784385E-03  
1.6031E+03  -2.047088E-03  -2.334624E-03  -1.541930E-03  -1.670858E-03  -2.009731E-03  -1.110299E-02  -5.566278E-03  -6.134913E-03  -6.800860E-03  
1.6042E+03  -2.046587E-03  -2.333479E-03  -1.541262E-03  -1.670162E-03  -2.009729E-03  -1.113731E-02  -5.577052E-03  -6.148631E-03  -6.817544E-03  
1.6053E+03  -2.046340E-03  -2.332358E-03  -1.540033E-03  -1.669524E-03  -2.009355E-03  -1.117071E-02  -5.587314E-03  -6.161843E-03  -6.833715E-03  
1.6063E+03  -2.045596E-03  -2.331333E-03  -1.539581E-03  -1.669023E-03  -2.009188E-03  -1.120346E-02  -5.597416E-03  -6.174794E-03  -6.849494E-03  
1.6074E+03  -2.045153E-03  -2.330261E-03  -1.538812E-03  -1.668440E-03  -2.008967E-03  -1.123674E-02  -5.608137E-03  -6.187090E-03  -6.864924E-03  
1.6084E+03  -2.044597E-03  -2.329174E-03  -1.538064E-03  -1.668161E-03  -2.008798E-03  -1.126895E-02  -5.617887E-03  -6.199783E-03  -6.879691E-03  
1.6095E+03  -2.043849E-03  -2.328206E-03  -1.537099E-03  -1.667845E-03  -2.008719E-03  -1.130305E-02  -5.627738E-03  -6.212429E-03  -6.894769E-03  
1.6105E+03  -2.042839E-03  -2.326859E-03  -1.536280E-03  -1.667530E-03  -2.008458E-03  -1.133527E-02  -5.637162E-03  -6.224688E-03  -6.909374E-03  
1.6114E+03  -2.042119E-03  -2.325697E-03  -1.535001E-03  -1.666784E-03  -2.008070E-03  -1.136800E-02  -5.646410E-03  -6.236943E-03  -6.924285E-03  
1.6124E+03  -2.042262E-03  -2.324631E-03  -1.534335E-03  -1.666379E-03  -2.008092E-03  -1.139921E-02  -5.655424E-03  -6.248588E-03  -6.938743E-03  
1.6134E+03  -2.041635E-03  -2.323415E-03  -1.533648E-03  -1.665857E-03  -2.007775E-03  -1.143206E-02  -5.664645E-03  -6.260791E-03  -6.953437E-03  
1.6143E+03  -2.040956E-03  -2.322086E-03  -1.532605E-03  -1.665595E-03  -2.007181E-03  -1.146312E-02  -5.674051E-03  -6.272666E-03  -6.967476E-03  
1.6153E+03  -2.040326E-03  -2.320878E-03  -1.531461E-03  -1.664930E-03  -2.007075E-03  -1.149321E-02  -5.682712E-03  -6.284429E-03  -6.981427E-03  
1.6162E+03  -2.039929E-03  -2.320167E-03  -1.530730E-03  -1.664572E-03  -2.006824E-03  -1.152332E-02  -5.691130E-03  -6.296060E-03  -6.995397E-03  
1.6171E+03  -2.039851E-03  -2.319033E-03  -1.529839E-03  -1.664094E-03  -2.006605E-03  -1.155451E-02  -5.699455E-03  -6.307522E-03  -7.009108E-03  
1.6180E+03  -2.039052E-03  -2.317872E-03  -1.528989E-03  -1.663933E-03  -2.006310E-03  -1.158401E-02  -5.707573E-03  -6.318586E-03  -7.022539E-03  
1.6190E+03  -2.039218E-03  -2.316771E-03  -1.527905E-03  -1.663656E-03  -2.006342E-03  -1.161510E-02  -5.715844E-03  -6.329187E-03  -7.036277E-03  
1.6198E+03  -2.038430E-03  -2.315645E-03  -1.526507E-03  -1.663050E-03  -2.005681E-03  -1.164350E-02  -5.723903E-03  -6.339774E-03  -7.049290E-03  
1.6206E+03  -2.038358E-03  -2.314212E-03  -1.525591E-03  -1.662625E-03  -2.005283E-03  -1.167327E-02  -5.731927E-03  -6.350202E-03  -7.062773E-03  
1.6215E+03  -2.038123E-03  -2.312950E-03  -1.524475E-03  -1.662239E-03  -2.004981E-03  -1.170277E-02  -5.739552E-03  -6.360814E-03  -7.075675E-03  
1.6223E+03  -2.038028E-03  -2.311619E-03  -1.523621E-03  -1.661861E-03  -2.004576E-03  -1.173210E-02  -5.747514E-03  -6.370439E-03  -7.088620E-03  
1.6232E+03  -2.037280E-03  -2.310419E-03  -1.522646E-03  -1.661577E-03  -2.004320E-03  -1.176048E-02  -5.755557E-03  -6.380842E-03  -7.101775E-03  
1.6240E+03  -2.037205E-03  -2.309048E-03  -1.521775E-03  -1.661596E-03  -2.004061E-03  -1.178810E-02  -5.762908E-03  -6.390116E-03  -7.114416E-03  
1.6248E+03  -2.036821E-03  -2.308005E-03  -1.520807E-03  -1.660897E-03  -2.003758E-03  -1.181578E-02  -5.770917E-03  -6.399236E-03  -7.127085E-03  
1.6256E+03  -2.037523E-03  -2.305887E-03  -1.519981E-03  -1.660505E-03  -2.003278E-03  -1.184233E-02  -5.777980E-03  -6.409084E-03  -7.139590E-03  
1.6264E+03  -2.037444E-03  -2.304793E-03  -1.519141E-03  -1.660128E-03  -2.002755E-03  -1.186961E-02  -5.785776E-03  -6.418351E-03  -7.152157E-03  
1.6271E+03  -2.037082E-03  -2.303620E-03  -1.518362E-03  -1.660033E-03  -2.002285E-03  -1.189633E-02  -5.793352E-03  -6.426970E-03  -7.164123E-03  
1.6279E+03  -2.037284E-03  -2.302409E-03  -1.517657E-03  -1.659848E-03  -2.002138E-03  -1.192293E-02  -5.800524E-03  -6.436283E-03  -7.176367E-03  
1.6286E+03  -2.037250E-03  -2.300955E-03  -1.516336E-03  -1.659209E-03  -2.001378E-03  -1.194981E-02  -5.808048E-03  -6.445539E-03  -7.188610E-03  
1.6294E+03  -2.037225E-03  -2.299718E-03  -1.515403E-03  -1.659021E-03  -2.001190E-03  -1.197491E-02  -5.814976E-03  -6.454434E-03  -7.200367E-03  
1.6302E+03  -2.036907E-03  -2.298454E-03  -1.514329E-03  -1.658652E-03  -2.000875E-03  -1.200001E-02  -5.821705E-03  -6.463184E-03  -7.212383E-03  
1.6309E+03  -2.036628E-03  -2.297427E-03  -1.513223E-03  -1.658573E-03  -2.000304E-03  -1.202520E-02  -5.827869E-03  -6.471764E-03  -7.224248E-03  
1.6316E+03  -2.036897E-03  -2.296152E-03  -1.512370E-03  -1.658518E-03  -1.999903E-03  -1.205060E-02  -5.835101E-03  -6.480459E-03  -7.235490E-03  
1.6324E+03  -2.036769E-03  -2.294835E-03  -1.511515E-03  -1.658275E-03  -1.999338E-03  -1.207561E-02  -5.841948E-03  -6.489115E-03  -7.247185E-03  
1.6330E+03  -2.037142E-03  -2.293477E-03  -1.510693E-03  -1.658209E-03  -1.998953E-03  -1.209989E-02  -5.848613E-03  -6.497292E-03  -7.258243E-03  
1.6337E+03  -2.037732E-03  -2.292312E-03  -1.509934E-03  -1.658090E-03  -1.998343E-03  -1.212315E-02  -5.855122E-03  -6.506143E-03  -7.269071E-03  
1.6344E+03  -2.037577E-03  -2.291172E-03  -1.509193E-03  -1.657695E-03  -1.997891E-03  -1.214672E-02  -5.861807E-03  -6.514280E-03  -7.279982E-03  
1.6351E+03  -2.037220E-03  -2.289926E-03  -1.508034E-03  -1.657380E-03  -1.997255E-03  -1.216984E-02  -5.868212E-03  -6.521937E-03  -7.290376E-03  
1.6358E+03  -2.037797E-03  -2.288707E-03  -1.507109E-03  -1.657026E-03  -1.996696E-03  -1.219290E-02  -5.874689E-03  -6.529644E-03  -7.300793E-03  
1.6363E+03  -2.037551E-03  -2.287242E-03  -1.505925E-03  -1.656651E-03  -1.996003E-03  -1.221551E-02  -5.880938E-03  -6.537823E-03  -7.311378E-03  
1.6371E+03  -2.038533E-03  -2.286214E-03  -1.505187E-03  -1.656746E-03  -1.995851E-03  -1.223854E-02  -5.887328E-03  -6.545300E-03  -7.321612E-03  
1.6377E+03  -2.038548E-03  -2.285211E-03  -1.504235E-03  -1.656245E-03  -1.995166E-03  -1.226134E-02  -5.893502E-03  -6.552191E-03  -7.331890E-03  
1.6383E+03  -2.039049E-03  -2.284169E-03  -1.503554E-03  -1.656214E-03  -1.994712E-03  -1.228378E-02  -5.900284E-03  -6.559749E-03  -7.342004E-03  
1.6390E+03  -2.039411E-03  -2.283098E-03  -1.502834E-03  -1.655766E-03  -1.994135E-03  -1.230598E-02  -5.905952E-03  -6.566833E-03  -7.351733E-03  
1.6396E+03  -2.039394E-03  -2.281946E-03  -1.501863E-03  -1.655634E-03  -1.993568E-03  -1.232758E-02  -5.911938E-03  -6.573698E-03  -7.361281E-03  
1.6401E+03  -2.039272E-03  -2.280956E-03  -1.500997E-03  -1.655365E-03  -1.992949E-03  -1.234958E-02  -5.917613E-03  -6.580687E-03  -7.370345E-03  
1.6408E+03  -2.039121E-03  -2.280110E-03  -1.500269E-03  -1.655444E-03  -1.992726E-03  -1.237137E-02  -5.923439E-03  -6.588017E-03  -7.380136E-03  
1.6414E+03  -2.039499E-03  -2.279016E-03  -1.499186E-03  -1.655165E-03  -1.992133E-03  -1.239283E-02  -5.929096E-03  -6.594337E-03  -7.389410E-03  
1.6420E+03  -2.039597E-03  -2.277800E-03  -1.498236E-03  -1.654777E-03  -1.991576E-03  -1.241454E-02  -5.934941E-03  -6.601065E-03  -7.398542E-03  
1.6425E+03  -2.039907E-03  -2.276818E-03  -1.497507E-03  -1.654708E-03  -1.991159E-03  -1.243542E-02  -5.940878E-03  -6.607860E-03  -7.407549E-03  
1.6431E+03  -2.040058E-03  -2.275907E-03  -1.496679E-03  -1.654339E-03  -1.990647E-03  -1.245688E-02  -5.946102E-03  -6.614436E-03  -7.416643E-03  
1.6437E+03  -2.039828E-03  -2.274939E-03  -1.495691E-03  -1.654035E-03  -1.989900E-03  -1.247945E-02  -5.952156E-03  -6.620678E-03  -7.425603E-03  
1.6442E+03  -2.040396E-03  -2.273947E-03  -1.494998E-03  -1.653772E-03  -1.989483E-03  -1.250044E-02  -5.957883E-03  -6.626688E-03  -7.433851E-03  
1.6448E+03  -2.040398E-03  -2.272826E-03  -1.494199E-03  -1.653431E-03  -1.988973E-03  -1.252103E-02  -5.963218E-03  -6.632766E-03  -7.442865E-03  
1.6453E+03  -2.040581E-03  -2.272016E-03  -1.493277E-03  -1.653114E-03  -1.988299E-03  -1.254123E-02  -5.968620E-03  -6.638787E-03  -7.451145E-03  
1.6459E+03  -2.040840E-03  -2.271017E-03  -1.492303E-03  -1.652719E-03  -1.987826E-03  -1.256164E-02  -5.973745E-03  -6.644795E-03  -7.459864E-03  
1.6464E+03  -2.041141E-03  -2.270113E-03  -1.491514E-03  -1.652564E-03  -1.987285E-03  -1.258143E-02  -5.978767E-03  -6.650659E-03  -7.468092E-03  
1.6469E+03  -2.041367E-03  -2.269017E-03  -1.490811E-03  -1.652315E-03  -1.986768E-03  -1.260039E-02  -5.983822E-03  -6.656211E-03  -7.475882E-03  
1.6475E+03  -2.042206E-03  -2.268135E-03  -1.489882E-03  -1.651765E-03  -1.986080E-03  -1.261901E-02  -5.988811E-03  -6.662146E-03  -7.484290E-03  
1.6480E+03  -2.042927E-03  -2.267044E-03  -1.489203E-03  -1.651606E-03  -1.985559E-03  -1.263726E-02  -5.993626E-03  -6.667622E-03  -7.492077E-03  
1.6485E+03  -2.042980E-03  -2.266018E-03  -1.488289E-03  -1.651332E-03  -1.984836E-03  -1.265508E-02  -5.998247E-03  -6.673626E-03  -7.499686E-03  
1.6490E+03  -2.043371E-03  -2.265205E-03  -1.487533E-03  -1.650991E-03  -1.984463E-03  -1.267307E-02  -6.002817E-03  -6.678683E-03  -7.507480E-03  
1.6495E+03  -2.044105E-03  -2.264470E-03  -1.486886E-03  -1.650745E-03  -1.983960E-03  -1.269085E-02  -6.007634E-03  -6.684065E-03  -7.515073E-03  
1.6500E+03  -2.044610E-03  -2.263341E-03  -1.485975E-03  -1.650331E-03  -1.983547E-03  -1.270675E-02  -6.011986E-03  -6.689102E-03  -7.522281E-03  
1.6505E+03  -2.045020E-03  -2.262635E-03  -1.485460E-03  -1.650292E-03  -1.983205E-03  -1.272465E-02  -6.016562E-03  -6.693810E-03  -7.529556E-03  
1.6510E+03  -2.045376E-03  -2.261686E-03  -1.484847E-03  -1.650039E-03  -1.982654E-03  -1.274134E-02  -6.020567E-03  -6.698878E-03  -7.536606E-03  
1.6515E+03  -2.045750E-03  -2.260767E-03  -1.484130E-03  -1.649850E-03  -1.982030E-03  -1.275730E-02  -6.025041E-03  -6.703869E-03  -7.543523E-03  
1.6519E+03  -2.046558E-03  -2.259899E-03  -1.483414E-03  -1.649561E-03  -1.981531E-03  -1.277277E-02  -6.029836E-03  -6.708350E-03  -7.550451E-03  
1.6524E+03  -2.046918E-03  -2.259064E-03  -1.482953E-03  -1.649310E-03  -1.980928E-03  -1.278893E-02  -6.034116E-03  -6.713068E-03  -7.557308E-03  
1.6529E+03  -2.047480E-03  -2.258152E-03  -1.482267E-03  -1.649049E-03  -1.980446E-03  -1.280520E-02  -6.038104E-03  -6.717474E-03  -7.564052E-03  
1.6533E+03  -2.047993E-03  -2.257458E-03  -1.481741E-03  -1.648681E-03  -1.979879E-03  -1.282084E-02  -6.042095E-03  -6.721838E-03  -7.570661E-03  
1.6538E+03  -2.048302E-03  -2.256497E-03  -1.481080E-03  -1.648393E-03  -1.979254E-03  -1.283562E-02  -6.046152E-03  -6.726018E-03  -7.577132E-03  
1.6542E+03  -2.048436E-03  -2.255728E-03  -1.480482E-03  -1.648030E-03  -1.978643E-03  -1.285102E-02  -6.050303E-03  -6.730362E-03  -7.583551E-03  
1.6547E+03  -2.048793E-03  -2.255046E-03  -1.479861E-03  -1.647859E-03  -1.978023E-03  -1.286592E-02  -6.054326E-03  -6.734542E-03  -7.590227E-03  
1.6550E+03  -2.048654E-03  -2.254158E-03  -1.478966E-03  -1.647245E-03  -1.977436E-03  -1.288028E-02  -6.058174E-03  -6.738663E-03  -7.595854E-03  
