KFLAG : 1 --- SAME CRYSTAL OR SET OF CRYSTALS AT ALL INTEGRATION POINTS
        2 --- DIFFERENT CRYSTALS AT INTEGRATION POINTS
2
NCRYS
1
EULER ANGLES FOR EACH CRYSTAL AT AN INTEGRATION POINT
PHI THETA OMEGA
   63.072  126.144  63.3712
   81.684  163.368  81.7764
   28.062  237.744  133.112
   40.554  106.848  130.744
  118.872   23.148  88.2556
  127.026  358.056  160.488
   43.668  279.576  64.8486
  165.024  223.884  122.556
  133.596  176.472  92.5276
   53.424  132.624  85.3542
   47.034  158.004    127.7
  163.386  189.684  162.802
   43.398   14.292  33.5918
   23.652   60.804  153.617
   15.534   12.384  74.2648
  133.452   19.008  153.368
   11.574  184.824  83.5742
  110.034  126.828  73.5528
    66.42   40.356  47.5826
   76.266  350.064  138.612
     17.1    51.66  60.6834
  142.632  328.248  21.2386
     63.9  254.448  96.6572
    99.09  213.516  167.288
   90.972  284.076   5.0762
  179.028  313.992  65.7742
  117.162   75.744  176.294
  131.202  170.604   174.55
      153   44.496  63.3712
   18.306  174.816  121.043
   49.194    309.6   105.86
  114.012  108.684   138.38
   60.336  261.504  155.077
   70.362  291.204  70.2242
   167.13  257.616   52.264
   60.966  238.824  157.996
  139.788   308.52  140.445
  137.142  240.156  79.8362
   15.354   24.912   74.514
   90.342  205.524  160.862
   45.432  289.944    3.403
    66.42    31.68  161.253
  151.488  285.912  175.084
   24.138   79.704  104.507
   22.266  172.656  157.871
   96.498   319.68  139.146
   12.924  135.576  101.801
  167.058  271.116  90.6764
   23.472   36.576  26.7566
  111.942  217.368   63.389
   24.426     67.5   120.83
  170.352  301.644  155.379
   44.262   29.772  99.8612
   98.244  238.428  153.866
   12.582  267.084  149.719
  155.466  304.704  129.231
  126.756   132.48  39.9998
  134.046  279.468  76.7924
  165.312    29.88  123.108
   96.894  208.044  85.5144
  131.526    1.404  66.7176
    2.718    169.2  143.898
  146.988  169.092   79.231
   57.348   199.08  144.237
   88.236  167.004  151.962
  135.144  141.624   7.0164
   77.616    317.7  85.1762
   94.338  290.988  119.744
  177.084   123.12   51.908
   97.884   61.164   6.4112
     60.3    43.92  13.9762
   68.688   12.888  144.041
  157.086  102.744  164.333
   85.086  243.684   16.931
  159.534   40.644  125.636
   55.998   24.768  174.728
   21.528   10.044  33.5562
  143.136  320.184  100.075
  141.138   256.14   25.742
  117.288    98.64  36.1906
  117.756  114.516  90.1068
   66.312   122.94  126.223
   134.82  218.088  39.3234
  168.498  158.328   6.6248
    75.15  221.256  63.7094
   145.17  279.288   156.91
  119.178  188.892   64.546
   44.928     40.5  144.379
  135.738   49.392  81.6518
    0.342   31.068   178.68
   106.02   82.548  31.0642
  145.476   71.064  148.882
  173.232   37.008  153.332
  124.416  261.036  119.708
  173.232  329.328  71.0252
   167.85   214.38  12.6946
  136.296  101.088   61.164
  147.852  105.552  27.9492
    3.708    71.46  156.946
   126.81   273.96  105.005
   79.002   95.472  80.6016
    48.42  276.912  48.1166
   121.77  273.636  77.1662
   88.848   337.14   163.55
  123.858    101.7  27.9492
    7.164   33.804  106.768
  178.668  220.248  108.156
    75.96    0.036  79.8718
   36.774   280.98  176.508
    4.086  245.628  14.2966
  103.518    316.8   92.225
   64.746  318.816  177.612
   44.496   248.94  176.366
   138.33   250.92   4.2218
    1.368  200.304  83.4496
   35.334   279.36  105.682
   21.276   350.28  32.4526
   40.626   86.184   63.389
  102.582  187.092  115.632
   139.77   54.216  110.167
  100.278    94.68  133.574
   94.842   35.712  48.4192
  126.702  337.284   68.551
   75.078   70.956  146.782
    58.41   60.156  132.934
