0.0000E+00  0.000000E+00  0.000000E+00  0.000000E+00  0.000000E+00  0.000000E+00  0.000000E+00  0.000000E+00  0.000000E+00  0.000000E+00  
1.9270E+02  -4.052410E-04  -2.578138E-04  -2.276027E-04  -3.174667E-04  -2.498629E-04  -4.832570E-04  -2.521839E-04  -3.136529E-04  -3.339056E-04  
3.8262E+02  -8.189506E-04  -5.121153E-04  -4.497101E-04  -6.383937E-04  -4.980744E-04  -9.786870E-04  -5.024754E-04  -6.332624E-04  -6.716896E-04  
5.7263E+02  -1.229460E-03  -7.617207E-04  -6.673930E-04  -9.576535E-04  -7.412870E-04  -1.485107E-03  -7.504071E-04  -9.493534E-04  -1.006091E-03  
7.6167E+02  -1.643507E-03  -1.010941E-03  -8.866769E-04  -1.280083E-03  -9.840319E-04  -1.994439E-03  -9.959771E-04  -1.272565E-03  -1.343946E-03  
9.3016E+02  -2.041494E-03  -1.253763E-03  -1.082012E-03  -1.565563E-03  -1.208746E-03  -2.516607E-03  -1.230731E-03  -1.596327E-03  -1.691490E-03  
1.0366E+03  -2.330694E-03  -1.453312E-03  -1.220113E-03  -1.724422E-03  -1.351432E-03  -3.004043E-03  -1.396561E-03  -1.893945E-03  -2.034138E-03  
1.0974E+03  -2.490042E-03  -1.603957E-03  -1.294382E-03  -1.792213E-03  -1.448735E-03  -3.452620E-03  -1.557419E-03  -2.151478E-03  -2.309085E-03  
1.1370E+03  -2.571067E-03  -1.713689E-03  -1.335390E-03  -1.811410E-03  -1.522869E-03  -3.856522E-03  -1.715516E-03  -2.373728E-03  -2.536934E-03  
1.1660E+03  -2.604187E-03  -1.799606E-03  -1.363802E-03  -1.810712E-03  -1.580927E-03  -4.215550E-03  -1.874483E-03  -2.557313E-03  -2.739253E-03  
1.1885E+03  -2.608703E-03  -1.864046E-03  -1.382445E-03  -1.806120E-03  -1.629012E-03  -4.536051E-03  -2.017660E-03  -2.704373E-03  -2.913675E-03  
1.2069E+03  -2.615815E-03  -1.920415E-03  -1.400769E-03  -1.804657E-03  -1.667493E-03  -4.827342E-03  -2.132839E-03  -2.835269E-03  -3.062689E-03  
1.2227E+03  -2.615502E-03  -1.966437E-03  -1.417782E-03  -1.801995E-03  -1.699343E-03  -5.099643E-03  -2.223798E-03  -2.952829E-03  -3.199721E-03  
1.2365E+03  -2.615557E-03  -2.006434E-03  -1.430581E-03  -1.798839E-03  -1.727983E-03  -5.346452E-03  -2.309815E-03  -3.054702E-03  -3.322040E-03  
1.2487E+03  -2.616683E-03  -2.042151E-03  -1.439202E-03  -1.796407E-03  -1.751265E-03  -5.577857E-03  -2.394624E-03  -3.146334E-03  -3.428524E-03  
1.2598E+03  -2.615332E-03  -2.071723E-03  -1.447331E-03  -1.795272E-03  -1.769482E-03  -5.773248E-03  -2.474784E-03  -3.228129E-03  -3.523755E-03  
1.2701E+03  -2.610937E-03  -2.096340E-03  -1.456485E-03  -1.796296E-03  -1.786676E-03  -5.941847E-03  -2.551320E-03  -3.303321E-03  -3.610116E-03  
1.2797E+03  -2.604428E-03  -2.117923E-03  -1.464429E-03  -1.797522E-03  -1.803375E-03  -6.106675E-03  -2.625453E-03  -3.371999E-03  -3.690224E-03  
1.2887E+03  -2.595002E-03  -2.137302E-03  -1.472487E-03  -1.797787E-03  -1.819233E-03  -6.265880E-03  -2.696818E-03  -3.436188E-03  -3.765436E-03  
1.2972E+03  -2.587108E-03  -2.154444E-03  -1.480523E-03  -1.798409E-03  -1.833494E-03  -6.419859E-03  -2.763452E-03  -3.497493E-03  -3.835749E-03  
1.3053E+03  -2.578720E-03  -2.169806E-03  -1.486986E-03  -1.799262E-03  -1.847568E-03  -6.564161E-03  -2.825566E-03  -3.557919E-03  -3.902543E-03  
1.3131E+03  -2.571582E-03  -2.182785E-03  -1.493048E-03  -1.800316E-03  -1.860574E-03  -6.700375E-03  -2.887709E-03  -3.616570E-03  -3.963942E-03  
1.3205E+03  -2.565951E-03  -2.195088E-03  -1.499418E-03  -1.801190E-03  -1.872944E-03  -6.831411E-03  -2.949214E-03  -3.672474E-03  -4.023212E-03  
1.3277E+03  -2.562665E-03  -2.207096E-03  -1.505105E-03  -1.802303E-03  -1.884899E-03  -6.958233E-03  -3.008097E-03  -3.726927E-03  -4.079570E-03  
1.3347E+03  -2.557705E-03  -2.218192E-03  -1.510041E-03  -1.804038E-03  -1.896489E-03  -7.083676E-03  -3.062560E-03  -3.779205E-03  -4.133180E-03  
1.3414E+03  -2.553992E-03  -2.228925E-03  -1.514157E-03  -1.805341E-03  -1.906738E-03  -7.205682E-03  -3.114423E-03  -3.830575E-03  -4.184510E-03  
1.3480E+03  -2.548214E-03  -2.239931E-03  -1.517331E-03  -1.806849E-03  -1.916745E-03  -7.314119E-03  -3.164435E-03  -3.879691E-03  -4.234975E-03  
1.3544E+03  -2.541950E-03  -2.250522E-03  -1.519922E-03  -1.808163E-03  -1.926602E-03  -7.408184E-03  -3.210449E-03  -3.926292E-03  -4.284580E-03  
1.3607E+03  -2.537137E-03  -2.260567E-03  -1.522781E-03  -1.809134E-03  -1.936296E-03  -7.496460E-03  -3.252974E-03  -3.972607E-03  -4.332870E-03  
1.3668E+03  -2.532433E-03  -2.269791E-03  -1.525661E-03  -1.810428E-03  -1.945871E-03  -7.576041E-03  -3.293052E-03  -4.017376E-03  -4.379814E-03  
1.3727E+03  -2.528847E-03  -2.278950E-03  -1.528420E-03  -1.812092E-03  -1.954792E-03  -7.644839E-03  -3.331489E-03  -4.060324E-03  -4.425544E-03  
1.3786E+03  -2.524290E-03  -2.287734E-03  -1.531316E-03  -1.813921E-03  -1.963409E-03  -7.707668E-03  -3.370790E-03  -4.100764E-03  -4.470439E-03  
1.3844E+03  -2.519791E-03  -2.295950E-03  -1.533884E-03  -1.815919E-03  -1.971497E-03  -7.767804E-03  -3.409373E-03  -4.140924E-03  -4.514075E-03  
1.3900E+03  -2.515792E-03  -2.304600E-03  -1.536822E-03  -1.817375E-03  -1.979287E-03  -7.826116E-03  -3.447426E-03  -4.181193E-03  -4.556593E-03  
1.3956E+03  -2.512814E-03  -2.313078E-03  -1.539596E-03  -1.818847E-03  -1.986875E-03  -7.881166E-03  -3.485337E-03  -4.221097E-03  -4.598729E-03  
1.4010E+03  -2.510672E-03  -2.321253E-03  -1.542692E-03  -1.819887E-03  -1.994573E-03  -7.934712E-03  -3.522018E-03  -4.259532E-03  -4.639546E-03  
1.4064E+03  -2.508814E-03  -2.329190E-03  -1.545542E-03  -1.820984E-03  -2.002170E-03  -7.986426E-03  -3.557612E-03  -4.297506E-03  -4.680533E-03  
1.4117E+03  -2.506858E-03  -2.336311E-03  -1.548620E-03  -1.822209E-03  -2.009760E-03  -8.038128E-03  -3.592271E-03  -4.334896E-03  -4.720897E-03  
1.4169E+03  -2.504695E-03  -2.343561E-03  -1.551631E-03  -1.823717E-03  -2.017117E-03  -8.086074E-03  -3.627126E-03  -4.371395E-03  -4.760661E-03  
1.4220E+03  -2.502335E-03  -2.350879E-03  -1.555018E-03  -1.825452E-03  -2.024253E-03  -8.132401E-03  -3.660537E-03  -4.407046E-03  -4.800492E-03  
1.4271E+03  -2.499298E-03  -2.357901E-03  -1.558687E-03  -1.827287E-03  -2.030985E-03  -8.178192E-03  -3.693089E-03  -4.440975E-03  -4.839519E-03  
1.4320E+03  -2.496376E-03  -2.364710E-03  -1.561851E-03  -1.829131E-03  -2.037526E-03  -8.225666E-03  -3.725702E-03  -4.473735E-03  -4.878199E-03  
1.4369E+03  -2.493907E-03  -2.371027E-03  -1.564876E-03  -1.831163E-03  -2.043846E-03  -8.274262E-03  -3.756843E-03  -4.505674E-03  -4.916637E-03  
1.4417E+03  -2.491745E-03  -2.377151E-03  -1.567744E-03  -1.833410E-03  -2.049891E-03  -8.322447E-03  -3.787924E-03  -4.537759E-03  -4.954787E-03  
1.4465E+03  -2.489901E-03  -2.383412E-03  -1.570298E-03  -1.835727E-03  -2.055503E-03  -8.371073E-03  -3.818163E-03  -4.569143E-03  -4.992666E-03  
1.4511E+03  -2.488563E-03  -2.389573E-03  -1.572626E-03  -1.838216E-03  -2.060956E-03  -8.418893E-03  -3.847483E-03  -4.599722E-03  -5.029481E-03  
1.4557E+03  -2.487738E-03  -2.395731E-03  -1.575248E-03  -1.840637E-03  -2.066470E-03  -8.467422E-03  -3.876299E-03  -4.629832E-03  -5.065234E-03  
1.4603E+03  -2.486581E-03  -2.401999E-03  -1.578155E-03  -1.842814E-03  -2.071671E-03  -8.514120E-03  -3.904462E-03  -4.659057E-03  -5.100178E-03  
1.4648E+03  -2.484984E-03  -2.408081E-03  -1.581020E-03  -1.844863E-03  -2.076626E-03  -8.561177E-03  -3.931895E-03  -4.687266E-03  -5.134650E-03  
1.4692E+03  -2.483256E-03  -2.414410E-03  -1.584109E-03  -1.847016E-03  -2.081453E-03  -8.608449E-03  -3.959412E-03  -4.714218E-03  -5.168248E-03  
1.4736E+03  -2.481569E-03  -2.420676E-03  -1.586885E-03  -1.849220E-03  -2.086444E-03  -8.655988E-03  -3.986301E-03  -4.740647E-03  -5.201452E-03  
1.4779E+03  -2.480165E-03  -2.426886E-03  -1.589861E-03  -1.851466E-03  -2.091148E-03  -8.701698E-03  -4.012745E-03  -4.766633E-03  -5.233850E-03  
1.4821E+03  -2.479186E-03  -2.432877E-03  -1.592990E-03  -1.853889E-03  -2.095899E-03  -8.747088E-03  -4.038892E-03  -4.792693E-03  -5.265411E-03  
1.4863E+03  -2.478111E-03  -2.438666E-03  -1.596244E-03  -1.855949E-03  -2.100537E-03  -8.792466E-03  -4.064447E-03  -4.818171E-03  -5.296230E-03  
1.4905E+03  -2.476576E-03  -2.444424E-03  -1.599478E-03  -1.858008E-03  -2.105010E-03  -8.839609E-03  -4.089201E-03  -4.842918E-03  -5.326278E-03  
1.4945E+03  -2.474988E-03  -2.450364E-03  -1.602803E-03  -1.859954E-03  -2.109417E-03  -8.886832E-03  -4.113326E-03  -4.867492E-03  -5.356007E-03  
1.4986E+03  -2.473328E-03  -2.455837E-03  -1.605667E-03  -1.862156E-03  -2.113666E-03  -8.933816E-03  -4.137668E-03  -4.891459E-03  -5.385042E-03  
1.5025E+03  -2.471060E-03  -2.461136E-03  -1.608449E-03  -1.864307E-03  -2.117801E-03  -8.979682E-03  -4.160955E-03  -4.915183E-03  -5.413871E-03  
1.5065E+03  -2.468774E-03  -2.466528E-03  -1.611026E-03  -1.866194E-03  -2.122099E-03  -9.023265E-03  -4.184430E-03  -4.938898E-03  -5.442089E-03  
1.5103E+03  -2.466376E-03  -2.471489E-03  -1.613549E-03  -1.868191E-03  -2.126402E-03  -9.064895E-03  -4.207733E-03  -4.962582E-03  -5.470079E-03  
1.5141E+03  -2.463973E-03  -2.476236E-03  -1.616121E-03  -1.870060E-03  -2.130856E-03  -9.104760E-03  -4.230711E-03  -4.985966E-03  -5.497866E-03  
1.5179E+03  -2.461467E-03  -2.481082E-03  -1.618683E-03  -1.871558E-03  -2.135373E-03  -9.144905E-03  -4.251972E-03  -5.008776E-03  -5.525351E-03  
1.5216E+03  -2.459212E-03  -2.485845E-03  -1.621049E-03  -1.872997E-03  -2.139866E-03  -9.184972E-03  -4.272521E-03  -5.031249E-03  -5.551846E-03  
1.5253E+03  -2.456671E-03  -2.489948E-03  -1.623383E-03  -1.874749E-03  -2.144130E-03  -9.225117E-03  -4.291832E-03  -5.052443E-03  -5.577647E-03  
1.5289E+03  -2.453944E-03  -2.493863E-03  -1.625373E-03  -1.876426E-03  -2.148364E-03  -9.265634E-03  -4.311019E-03  -5.073426E-03  -5.603379E-03  
1.5325E+03  -2.451194E-03  -2.497470E-03  -1.627434E-03  -1.877915E-03  -2.152522E-03  -9.305232E-03  -4.329870E-03  -5.094199E-03  -5.628479E-03  
1.5360E+03  -2.447977E-03  -2.501149E-03  -1.629447E-03  -1.879319E-03  -2.156697E-03  -9.344006E-03  -4.348603E-03  -5.114538E-03  -5.653249E-03  
1.5395E+03  -2.444646E-03  -2.504644E-03  -1.631616E-03  -1.880558E-03  -2.160794E-03  -9.382000E-03  -4.366839E-03  -5.134249E-03  -5.677259E-03  
1.5429E+03  -2.441271E-03  -2.508195E-03  -1.633722E-03  -1.881830E-03  -2.164643E-03  -9.420181E-03  -4.384872E-03  -5.153588E-03  -5.700823E-03  
1.5463E+03  -2.438271E-03  -2.511584E-03  -1.635623E-03  -1.883393E-03  -2.168406E-03  -9.457909E-03  -4.402267E-03  -5.172693E-03  -5.723946E-03  
1.5496E+03  -2.435155E-03  -2.515187E-03  -1.637298E-03  -1.884982E-03  -2.171936E-03  -9.496581E-03  -4.418896E-03  -5.192060E-03  -5.746502E-03  
1.5529E+03  -2.432247E-03  -2.518660E-03  -1.638897E-03  -1.886893E-03  -2.175432E-03  -9.535067E-03  -4.435303E-03  -5.211201E-03  -5.768931E-03  
1.5562E+03  -2.429593E-03  -2.522020E-03  -1.640572E-03  -1.889069E-03  -2.178842E-03  -9.573972E-03  -4.451287E-03  -5.230048E-03  -5.791136E-03  
1.5594E+03  -2.427100E-03  -2.525352E-03  -1.642233E-03  -1.891489E-03  -2.182245E-03  -9.613300E-03  -4.466968E-03  -5.249358E-03  -5.812662E-03  
1.5625E+03  -2.424699E-03  -2.528802E-03  -1.643758E-03  -1.894059E-03  -2.185695E-03  -9.653812E-03  -4.482506E-03  -5.268414E-03  -5.833442E-03  
1.5657E+03  -2.422445E-03  -2.531963E-03  -1.645195E-03  -1.896524E-03  -2.189088E-03  -9.693131E-03  -4.497877E-03  -5.287036E-03  -5.853682E-03  
1.5687E+03  -2.420283E-03  -2.535189E-03  -1.646613E-03  -1.899081E-03  -2.192339E-03  -9.732544E-03  -4.512140E-03  -5.304829E-03  -5.873389E-03  
1.5718E+03  -2.418141E-03  -2.538385E-03  -1.648028E-03  -1.901984E-03  -2.195477E-03  -9.772844E-03  -4.525674E-03  -5.322136E-03  -5.892399E-03  
1.5748E+03  -2.416400E-03  -2.541401E-03  -1.649592E-03  -1.904789E-03  -2.198748E-03  -9.811968E-03  -4.539188E-03  -5.338734E-03  -5.910820E-03  
1.5778E+03  -2.414858E-03  -2.544408E-03  -1.651384E-03  -1.907542E-03  -2.202234E-03  -9.849760E-03  -4.552335E-03  -5.354693E-03  -5.928831E-03  
1.5807E+03  -2.413558E-03  -2.547486E-03  -1.653211E-03  -1.910278E-03  -2.205668E-03  -9.886663E-03  -4.565365E-03  -5.370278E-03  -5.946457E-03  
1.5836E+03  -2.412892E-03  -2.550536E-03  -1.654948E-03  -1.913061E-03  -2.209179E-03  -9.924028E-03  -4.578204E-03  -5.385714E-03  -5.963968E-03  
1.5864E+03  -2.412661E-03  -2.553570E-03  -1.656640E-03  -1.915999E-03  -2.212467E-03  -9.961958E-03  -4.590591E-03  -5.400450E-03  -5.981465E-03  
1.5892E+03  -2.412408E-03  -2.556520E-03  -1.658408E-03  -1.918801E-03  -2.215741E-03  -9.999212E-03  -4.602147E-03  -5.415071E-03  -5.998903E-03  
1.5920E+03  -2.412521E-03  -2.559608E-03  -1.660152E-03  -1.921951E-03  -2.218951E-03  -1.003632E-02  -4.613604E-03  -5.429276E-03  -6.016267E-03  
1.5947E+03  -2.412784E-03  -2.562486E-03  -1.661801E-03  -1.924928E-03  -2.222029E-03  -1.007424E-02  -4.625151E-03  -5.443246E-03  -6.033758E-03  
1.5974E+03  -2.412819E-03  -2.565453E-03  -1.663290E-03  -1.927966E-03  -2.224968E-03  -1.011199E-02  -4.636290E-03  -5.457175E-03  -6.051018E-03  
1.6001E+03  -2.413366E-03  -2.568428E-03  -1.665135E-03  -1.931028E-03  -2.227901E-03  -1.015048E-02  -4.647226E-03  -5.470875E-03  -6.068097E-03  
1.6027E+03  -2.414154E-03  -2.571290E-03  -1.666854E-03  -1.934076E-03  -2.230582E-03  -1.018936E-02  -4.657731E-03  -5.484114E-03  -6.085180E-03  
1.6053E+03  -2.415197E-03  -2.574343E-03  -1.668517E-03  -1.937159E-03  -2.233328E-03  -1.022862E-02  -4.667581E-03  -5.496412E-03  -6.101927E-03  
1.6079E+03  -2.416395E-03  -2.577283E-03  -1.670292E-03  -1.940061E-03  -2.236083E-03  -1.026692E-02  -4.676738E-03  -5.508365E-03  -6.117893E-03  
1.6104E+03  -2.417485E-03  -2.580422E-03  -1.671946E-03  -1.942937E-03  -2.238818E-03  -1.030436E-02  -4.685566E-03  -5.519968E-03  -6.132605E-03  
1.6129E+03  -2.418583E-03  -2.583501E-03  -1.673627E-03  -1.945729E-03  -2.241513E-03  -1.034079E-02  -4.694520E-03  -5.531196E-03  -6.147110E-03  
1.6154E+03  -2.419841E-03  -2.586216E-03  -1.675275E-03  -1.948545E-03  -2.244138E-03  -1.037623E-02  -4.702927E-03  -5.542147E-03  -6.161332E-03  
1.6178E+03  -2.420856E-03  -2.588700E-03  -1.676930E-03  -1.951012E-03  -2.246745E-03  -1.041017E-02  -4.711367E-03  -5.553128E-03  -6.175283E-03  
1.6202E+03  -2.421848E-03  -2.591262E-03  -1.678368E-03  -1.953273E-03  -2.249447E-03  -1.044384E-02  -4.719940E-03  -5.564155E-03  -6.189136E-03  
1.6226E+03  -2.422818E-03  -2.593900E-03  -1.679902E-03  -1.955478E-03  -2.252129E-03  -1.047706E-02  -4.729042E-03  -5.575309E-03  -6.202399E-03  
1.6249E+03  -2.423386E-03  -2.596430E-03  -1.681537E-03  -1.957813E-03  -2.254645E-03  -1.051128E-02  -4.737547E-03  -5.586025E-03  -6.215371E-03  
1.6272E+03  -2.423857E-03  -2.599098E-03  -1.683042E-03  -1.960084E-03  -2.257059E-03  -1.054663E-02  -4.745019E-03  -5.596940E-03  -6.228015E-03  
1.6295E+03  -2.424578E-03  -2.601599E-03  -1.684566E-03  -1.962279E-03  -2.259522E-03  -1.058116E-02  -4.752261E-03  -5.607820E-03  -6.240340E-03  
1.6317E+03  -2.424951E-03  -2.603719E-03  -1.685969E-03  -1.964665E-03  -2.261963E-03  -1.061630E-02  -4.759509E-03  -5.618770E-03  -6.252501E-03  
1.6339E+03  -2.425637E-03  -2.605835E-03  -1.687398E-03  -1.966934E-03  -2.264209E-03  -1.065117E-02  -4.767051E-03  -5.629817E-03  -6.264339E-03  
1.6361E+03  -2.426441E-03  -2.607904E-03  -1.688479E-03  -1.969381E-03  -2.266334E-03  -1.068607E-02  -4.774634E-03  -5.640417E-03  -6.275890E-03  
1.6383E+03  -2.427279E-03  -2.609889E-03  -1.689563E-03  -1.971780E-03  -2.268655E-03  -1.072084E-02  -4.782779E-03  -5.650215E-03  -6.287150E-03  
1.6404E+03  -2.428083E-03  -2.611798E-03  -1.690577E-03  -1.973934E-03  -2.270979E-03  -1.075514E-02  -4.790959E-03  -5.659770E-03  -6.297962E-03  
1.6425E+03  -2.428792E-03  -2.613593E-03  -1.691449E-03  -1.975947E-03  -2.273117E-03  -1.078974E-02  -4.799281E-03  -5.669198E-03  -6.308460E-03  
1.6446E+03  -2.429533E-03  -2.615461E-03  -1.691987E-03  -1.977700E-03  -2.275146E-03  -1.082481E-02  -4.807776E-03  -5.678215E-03  -6.318627E-03  
1.6466E+03  -2.429900E-03  -2.617396E-03  -1.692462E-03  -1.979272E-03  -2.277108E-03  -1.085891E-02  -4.816404E-03  -5.686957E-03  -6.328756E-03  
1.6487E+03  -2.430045E-03  -2.619538E-03  -1.693158E-03  -1.980940E-03  -2.278894E-03  -1.089252E-02  -4.824882E-03  -5.695409E-03  -6.338337E-03  
1.6507E+03  -2.430273E-03  -2.621787E-03  -1.693693E-03  -1.982582E-03  -2.280604E-03  -1.092565E-02  -4.833173E-03  -5.704080E-03  -6.347351E-03  
1.6526E+03  -2.429937E-03  -2.623911E-03  -1.694308E-03  -1.984071E-03  -2.282356E-03  -1.095660E-02  -4.841877E-03  -5.712409E-03  -6.355973E-03  
1.6546E+03  -2.429293E-03  -2.626195E-03  -1.694700E-03  -1.985681E-03  -2.283953E-03  -1.098794E-02  -4.850462E-03  -5.720946E-03  -6.364367E-03  
1.6565E+03  -2.428652E-03  -2.628414E-03  -1.695170E-03  -1.987476E-03  -2.285428E-03  -1.101882E-02  -4.859034E-03  -5.729309E-03  -6.372572E-03  
1.6584E+03  -2.427843E-03  -2.630623E-03  -1.695720E-03  -1.989365E-03  -2.286993E-03  -1.105003E-02  -4.867868E-03  -5.737956E-03  -6.380627E-03  
1.6603E+03  -2.427133E-03  -2.632992E-03  -1.696222E-03  -1.991157E-03  -2.288562E-03  -1.108085E-02  -4.876784E-03  -5.746166E-03  -6.388612E-03  
1.6622E+03  -2.426311E-03  -2.635339E-03  -1.696661E-03  -1.992958E-03  -2.290090E-03  -1.111113E-02  -4.885663E-03  -5.754228E-03  -6.396699E-03  
1.6640E+03  -2.425644E-03  -2.637664E-03  -1.697090E-03  -1.994683E-03  -2.291630E-03  -1.114100E-02  -4.894361E-03  -5.762290E-03  -6.404886E-03  
1.6658E+03  -2.424955E-03  -2.640060E-03  -1.697569E-03  -1.996380E-03  -2.293051E-03  -1.117012E-02  -4.902833E-03  -5.770126E-03  -6.412778E-03  
1.6676E+03  -2.424314E-03  -2.642093E-03  -1.698019E-03  -1.997987E-03  -2.294593E-03  -1.119886E-02  -4.911277E-03  -5.777648E-03  -6.420466E-03  
1.6694E+03  -2.423517E-03  -2.643941E-03  -1.698529E-03  -1.999639E-03  -2.296048E-03  -1.122694E-02  -4.920119E-03  -5.784950E-03  -6.428008E-03  
1.6711E+03  -2.422583E-03  -2.645733E-03  -1.699044E-03  -2.001392E-03  -2.297286E-03  -1.125494E-02  -4.928843E-03  -5.792327E-03  -6.435682E-03  
1.6729E+03  -2.421861E-03  -2.647545E-03  -1.699608E-03  -2.003020E-03  -2.298480E-03  -1.128306E-02  -4.937548E-03  -5.799924E-03  -6.443224E-03  
1.6746E+03  -2.421368E-03  -2.649208E-03  -1.700216E-03  -2.004871E-03  -2.299718E-03  -1.131113E-02  -4.945891E-03  -5.806823E-03  -6.450754E-03  
1.6762E+03  -2.420750E-03  -2.650858E-03  -1.700756E-03  -2.006902E-03  -2.300984E-03  -1.133803E-02  -4.953940E-03  -5.813232E-03  -6.458640E-03  
1.6779E+03  -2.420357E-03  -2.652481E-03  -1.701139E-03  -2.009000E-03  -2.302291E-03  -1.136574E-02  -4.961744E-03  -5.819561E-03  -6.466515E-03  
1.6796E+03  -2.419961E-03  -2.654299E-03  -1.701491E-03  -2.011129E-03  -2.303573E-03  -1.139344E-02  -4.969053E-03  -5.825562E-03  -6.474143E-03  
1.6812E+03  -2.420337E-03  -2.655790E-03  -1.701763E-03  -2.013228E-03  -2.305011E-03  -1.142065E-02  -4.976203E-03  -5.831266E-03  -6.481515E-03  
1.6828E+03  -2.420757E-03  -2.657204E-03  -1.701918E-03  -2.015405E-03  -2.306496E-03  -1.144751E-02  -4.983807E-03  -5.837116E-03  -6.488369E-03  
1.6844E+03  -2.421483E-03  -2.658372E-03  -1.702037E-03  -2.017715E-03  -2.307993E-03  -1.147402E-02  -4.991999E-03  -5.842979E-03  -6.495012E-03  
1.6860E+03  -2.421523E-03  -2.659557E-03  -1.702188E-03  -2.019921E-03  -2.309503E-03  -1.149780E-02  -5.000421E-03  -5.848754E-03  -6.501494E-03  
1.6875E+03  -2.422185E-03  -2.660645E-03  -1.702263E-03  -2.022152E-03  -2.310972E-03  -1.152060E-02  -5.009083E-03  -5.854449E-03  -6.507805E-03  
1.6890E+03  -2.422977E-03  -2.661756E-03  -1.702615E-03  -2.024293E-03  -2.312389E-03  -1.154343E-02  -5.017640E-03  -5.859871E-03  -6.513939E-03  
1.6906E+03  -2.423552E-03  -2.662839E-03  -1.702617E-03  -2.026539E-03  -2.313807E-03  -1.156558E-02  -5.026208E-03  -5.865020E-03  -6.520487E-03  
1.6921E+03  -2.424285E-03  -2.663848E-03  -1.702461E-03  -2.028848E-03  -2.315129E-03  -1.158741E-02  -5.034708E-03  -5.869835E-03  -6.526719E-03  
1.6936E+03  -2.424897E-03  -2.664873E-03  -1.702345E-03  -2.031238E-03  -2.316227E-03  -1.160891E-02  -5.043382E-03  -5.874474E-03  -6.532515E-03  
1.6950E+03  -2.425665E-03  -2.665968E-03  -1.702196E-03  -2.033544E-03  -2.317326E-03  -1.163020E-02  -5.052376E-03  -5.879086E-03  -6.538134E-03  
1.6965E+03  -2.426755E-03  -2.667161E-03  -1.701969E-03  -2.035739E-03  -2.318461E-03  -1.165123E-02  -5.060972E-03  -5.883682E-03  -6.543467E-03  
1.6979E+03  -2.428027E-03  -2.668265E-03  -1.701803E-03  -2.037662E-03  -2.319561E-03  -1.167189E-02  -5.069645E-03  -5.888472E-03  -6.548449E-03  
1.6993E+03  -2.429205E-03  -2.669451E-03  -1.701624E-03  -2.039424E-03  -2.320592E-03  -1.169217E-02  -5.078032E-03  -5.893145E-03  -6.553276E-03  
1.7007E+03  -2.430701E-03  -2.670497E-03  -1.701444E-03  -2.041307E-03  -2.321683E-03  -1.171240E-02  -5.086361E-03  -5.897708E-03  -6.557843E-03  
1.7021E+03  -2.432295E-03  -2.671399E-03  -1.701206E-03  -2.042933E-03  -2.322725E-03  -1.173161E-02  -5.094784E-03  -5.902464E-03  -6.562423E-03  
1.7035E+03  -2.433947E-03  -2.672225E-03  -1.700866E-03  -2.044426E-03  -2.323762E-03  -1.174913E-02  -5.103232E-03  -5.906945E-03  -6.567032E-03  
1.7049E+03  -2.435792E-03  -2.673043E-03  -1.700358E-03  -2.045894E-03  -2.324859E-03  -1.176724E-02  -5.111684E-03  -5.911083E-03  -6.571389E-03  
1.7062E+03  -2.437976E-03  -2.673767E-03  -1.699935E-03  -2.047220E-03  -2.325969E-03  -1.178361E-02  -5.120179E-03  -5.915724E-03  -6.575573E-03  
1.7075E+03  -2.440057E-03  -2.674590E-03  -1.699597E-03  -2.048630E-03  -2.327165E-03  -1.179927E-02  -5.128649E-03  -5.919970E-03  -6.579594E-03  
1.7089E+03  -2.441997E-03  -2.675497E-03  -1.699341E-03  -2.049883E-03  -2.328358E-03  -1.181488E-02  -5.137415E-03  -5.923999E-03  -6.583337E-03  
1.7102E+03  -2.443874E-03  -2.676215E-03  -1.699119E-03  -2.051183E-03  -2.329476E-03  -1.182988E-02  -5.146120E-03  -5.927979E-03  -6.586931E-03  
1.7114E+03  -2.445361E-03  -2.676675E-03  -1.698595E-03  -2.052538E-03  -2.330374E-03  -1.184530E-02  -5.155125E-03  -5.931982E-03  -6.590402E-03  
1.7127E+03  -2.446446E-03  -2.677056E-03  -1.697916E-03  -2.053893E-03  -2.331335E-03  -1.186048E-02  -5.164070E-03  -5.935742E-03  -6.593677E-03  
1.7140E+03  -2.447078E-03  -2.677426E-03  -1.697346E-03  -2.055147E-03  -2.332194E-03  -1.187546E-02  -5.172576E-03  -5.939573E-03  -6.597000E-03  
1.7152E+03  -2.447811E-03  -2.677731E-03  -1.696726E-03  -2.056333E-03  -2.333083E-03  -1.188987E-02  -5.180921E-03  -5.943720E-03  -6.600267E-03  
1.7164E+03  -2.448496E-03  -2.678258E-03  -1.696163E-03  -2.057663E-03  -2.334005E-03  -1.190394E-02  -5.189318E-03  -5.947797E-03  -6.603427E-03  
1.7177E+03  -2.449195E-03  -2.678954E-03  -1.695521E-03  -2.059183E-03  -2.334874E-03  -1.191850E-02  -5.197639E-03  -5.951455E-03  -6.606632E-03  
1.7189E+03  -2.449716E-03  -2.679707E-03  -1.694916E-03  -2.060425E-03  -2.335600E-03  -1.193421E-02  -5.205776E-03  -5.955138E-03  -6.609960E-03  
1.7200E+03  -2.450393E-03  -2.680495E-03  -1.694230E-03  -2.061679E-03  -2.336372E-03  -1.194948E-02  -5.213812E-03  -5.958355E-03  -6.613076E-03  
1.7212E+03  -2.451296E-03  -2.681247E-03  -1.693601E-03  -2.062911E-03  -2.337049E-03  -1.196404E-02  -5.221489E-03  -5.961640E-03  -6.616166E-03  
1.7224E+03  -2.451949E-03  -2.682159E-03  -1.693134E-03  -2.064012E-03  -2.337562E-03  -1.197835E-02  -5.229085E-03  -5.964653E-03  -6.619007E-03  
1.7235E+03  -2.452586E-03  -2.682977E-03  -1.692516E-03  -2.065114E-03  -2.337990E-03  -1.199288E-02  -5.236333E-03  -5.967360E-03  -6.621843E-03  
1.7247E+03  -2.453297E-03  -2.683551E-03  -1.691966E-03  -2.066234E-03  -2.338385E-03  -1.200769E-02  -5.242985E-03  -5.969676E-03  -6.624435E-03  
1.7258E+03  -2.454140E-03  -2.684208E-03  -1.691415E-03  -2.067158E-03  -2.338757E-03  -1.202224E-02  -5.249325E-03  -5.972166E-03  -6.626935E-03  
1.7269E+03  -2.455069E-03  -2.684966E-03  -1.690892E-03  -2.068224E-03  -2.339010E-03  -1.203559E-02  -5.255542E-03  -5.974259E-03  -6.629420E-03  
1.7280E+03  -2.456361E-03  -2.685759E-03  -1.690423E-03  -2.069150E-03  -2.339319E-03  -1.204827E-02  -5.261335E-03  -5.976529E-03  -6.631870E-03  
1.7291E+03  -2.457842E-03  -2.686452E-03  -1.690026E-03  -2.069992E-03  -2.339648E-03  -1.206018E-02  -5.266175E-03  -5.978919E-03  -6.634146E-03  
1.7302E+03  -2.459426E-03  -2.687085E-03  -1.689721E-03  -2.070905E-03  -2.339991E-03  -1.207137E-02  -5.270452E-03  -5.981076E-03  -6.636627E-03  
1.7313E+03  -2.460969E-03  -2.687746E-03  -1.689639E-03  -2.071612E-03  -2.340313E-03  -1.208224E-02  -5.274487E-03  -5.983180E-03  -6.639174E-03  
1.7323E+03  -2.462553E-03  -2.688526E-03  -1.689624E-03  -2.072359E-03  -2.340609E-03  -1.209335E-02  -5.278239E-03  -5.985334E-03  -6.641586E-03  
1.7334E+03  -2.464092E-03  -2.689175E-03  -1.689626E-03  -2.072901E-03  -2.340807E-03  -1.210476E-02  -5.282076E-03  -5.987118E-03  -6.644080E-03  
1.7344E+03  -2.465506E-03  -2.689737E-03  -1.689645E-03  -2.073374E-03  -2.341039E-03  -1.211636E-02  -5.285502E-03  -5.988849E-03  -6.646281E-03  
1.7354E+03  -2.466952E-03  -2.690351E-03  -1.689779E-03  -2.073680E-03  -2.341257E-03  -1.212756E-02  -5.288573E-03  -5.990387E-03  -6.648489E-03  
1.7365E+03  -2.468222E-03  -2.691007E-03  -1.689941E-03  -2.073926E-03  -2.341353E-03  -1.213934E-02  -5.291584E-03  -5.991741E-03  -6.650113E-03  
1.7375E+03  -2.469383E-03  -2.691724E-03  -1.690115E-03  -2.074258E-03  -2.341451E-03  -1.215014E-02  -5.294764E-03  -5.992665E-03  -6.651320E-03  
1.7385E+03  -2.470547E-03  -2.692625E-03  -1.690368E-03  -2.074622E-03  -2.341431E-03  -1.216135E-02  -5.298072E-03  -5.993338E-03  -6.652654E-03  
1.7394E+03  -2.471708E-03  -2.693462E-03  -1.690613E-03  -2.074962E-03  -2.341355E-03  -1.217151E-02  -5.301782E-03  -5.993912E-03  -6.653652E-03  
1.7404E+03  -2.472987E-03  -2.694152E-03  -1.690917E-03  -2.075342E-03  -2.341263E-03  -1.218151E-02  -5.305355E-03  -5.994227E-03  -6.654633E-03  
1.7414E+03  -2.474298E-03  -2.694953E-03  -1.691321E-03  -2.075727E-03  -2.341089E-03  -1.219096E-02  -5.308915E-03  -5.994039E-03  -6.655260E-03  
1.7423E+03  -2.475478E-03  -2.695757E-03  -1.691740E-03  -2.076072E-03  -2.340846E-03  -1.220060E-02  -5.312368E-03  -5.993962E-03  -6.655954E-03  
1.7433E+03  -2.476647E-03  -2.696532E-03  -1.692318E-03  -2.076257E-03  -2.340511E-03  -1.221031E-02  -5.315411E-03  -5.993406E-03  -6.656788E-03  
1.7442E+03  -2.478149E-03  -2.697152E-03  -1.692875E-03  -2.076488E-03  -2.340286E-03  -1.221979E-02  -5.319199E-03  -5.992550E-03  -6.657744E-03  
1.7451E+03  -2.479358E-03  -2.697875E-03  -1.693432E-03  -2.076743E-03  -2.339999E-03  -1.222878E-02  -5.322493E-03  -5.991320E-03  -6.658840E-03  
1.7460E+03  -2.480625E-03  -2.698699E-03  -1.694012E-03  -2.076987E-03  -2.339679E-03  -1.223781E-02  -5.325958E-03  -5.989528E-03  -6.659866E-03  
1.7469E+03  -2.482016E-03  -2.699687E-03  -1.694568E-03  -2.077244E-03  -2.339390E-03  -1.224547E-02  -5.329292E-03  -5.987687E-03  -6.660528E-03  
1.7478E+03  -2.483520E-03  -2.700707E-03  -1.694909E-03  -2.077502E-03  -2.339092E-03  -1.225217E-02  -5.332666E-03  -5.985834E-03  -6.661081E-03  
1.7487E+03  -2.485073E-03  -2.701825E-03  -1.694910E-03  -2.077617E-03  -2.338809E-03  -1.225789E-02  -5.336035E-03  -5.983634E-03  -6.661185E-03  
1.7495E+03  -2.486742E-03  -2.702723E-03  -1.694989E-03  -2.077623E-03  -2.338529E-03  -1.226332E-02  -5.339788E-03  -5.981221E-03  -6.661167E-03  
1.7504E+03  -2.488411E-03  -2.703533E-03  -1.695115E-03  -2.077651E-03  -2.338243E-03  -1.226884E-02  -5.343748E-03  -5.978718E-03  -6.661278E-03  
1.7512E+03  -2.490239E-03  -2.704324E-03  -1.695171E-03  -2.077925E-03  -2.337951E-03  -1.227389E-02  -5.347679E-03  -5.976199E-03  -6.661081E-03  
1.7520E+03  -2.492018E-03  -2.705110E-03  -1.695163E-03  -2.078096E-03  -2.337629E-03  -1.227877E-02  -5.351801E-03  -5.974054E-03  -6.660704E-03  
1.7528E+03  -2.493508E-03  -2.706028E-03  -1.695041E-03  -2.078330E-03  -2.337364E-03  -1.228437E-02  -5.356086E-03  -5.971804E-03  -6.660106E-03  
1.7536E+03  -2.495057E-03  -2.707019E-03  -1.694914E-03  -2.078482E-03  -2.337089E-03  -1.228977E-02  -5.360826E-03  -5.969546E-03  -6.659243E-03  
1.7544E+03  -2.496471E-03  -2.708135E-03  -1.694766E-03  -2.078528E-03  -2.336774E-03  -1.229444E-02  -5.365412E-03  -5.967386E-03  -6.658260E-03  
1.7551E+03  -2.497797E-03  -2.709247E-03  -1.694627E-03  -2.078487E-03  -2.336422E-03  -1.229771E-02  -5.370290E-03  -5.965223E-03  -6.657185E-03  
1.7559E+03  -2.499426E-03  -2.710228E-03  -1.694496E-03  -2.078630E-03  -2.336023E-03  -1.230027E-02  -5.375204E-03  -5.963247E-03  -6.655753E-03  
1.7566E+03  -2.501202E-03  -2.710993E-03  -1.694455E-03  -2.078827E-03  -2.335565E-03  -1.230447E-02  -5.379914E-03  -5.961442E-03  -6.653724E-03  
1.7573E+03  -2.503134E-03  -2.711660E-03  -1.694129E-03  -2.078917E-03  -2.334974E-03  -1.231069E-02  -5.384226E-03  -5.959721E-03  -6.651253E-03  
1.7579E+03  -2.505070E-03  -2.712286E-03  -1.693647E-03  -2.079001E-03  -2.334174E-03  -1.231706E-02  -5.388344E-03  -5.958121E-03  -6.648589E-03  
1.7586E+03  -2.506568E-03  -2.712886E-03  -1.693063E-03  -2.079282E-03  -2.333259E-03  -1.232413E-02  -5.392498E-03  -5.956282E-03  -6.645402E-03  
1.7592E+03  -2.507952E-03  -2.713634E-03  -1.692220E-03  -2.079508E-03  -2.332128E-03  -1.233224E-02  -5.396344E-03  -5.954537E-03  -6.641982E-03  
1.7597E+03  -2.509343E-03  -2.714491E-03  -1.691045E-03  -2.079648E-03  -2.331006E-03  -1.233972E-02  -5.400652E-03  -5.952566E-03  -6.638414E-03  
1.7603E+03  -2.510441E-03  -2.715249E-03  -1.689740E-03  -2.080003E-03  -2.329736E-03  -1.234688E-02  -5.405308E-03  -5.950442E-03  -6.634674E-03  
1.7608E+03  -2.511562E-03  -2.715855E-03  -1.688103E-03  -2.080401E-03  -2.328264E-03  -1.235427E-02  -5.410638E-03  -5.947540E-03  -6.630679E-03  
1.7613E+03  -2.512685E-03  -2.716435E-03  -1.686189E-03  -2.080597E-03  -2.326592E-03  -1.236133E-02  -5.416571E-03  -5.943999E-03  -6.626580E-03  
