Elastic lattice strain	True stress	Elastic lattice strain	True stress	Elastic lattice strain	True stress	Elastic lattice strain	True stress	Elastic lattice strain	True stress	Elastic lattice strain	True stress	Elastic lattice strain	True stress	Elastic lattice strain	True stress	Elastic lattice strain	True stress	Elastic lattice strain	True stress
	MPa		MPa		MPa		MPa		MPa		MPa		MPa		MPa		MPa		MPa
	FCC111		FCC311		BCC110		BCC211		FCC200		FCC220		FCC331		BCC321		BCC220		BCC200
0	1.35518956088297	0	1.35518956088297	0	1.35518956088297	0	1.35518956088297	0	1.35518956088297	0	1.35518956088297	0	1.35518956088297	0	1.35518956088297	0	1.35518956088297	0	1.355189561
-5.9731977E-5	1.350285000792	6.4532426E-6	1.350285000792	1.1390308E-4	1.350285000792	5.3827383E-5	1.350285000792	-3.9997E-5	1.350285000792	0	1.350285000792	7.5135304E-5	1.350285000792	3.5238381E-5	1.350285000792	-2.2686137E-5	1.350285000792	2.05013E-4	1.350285001
1.3102498E-4	26.2457727911825	1.7884701E-4	26.2457727911825	2.5048816E-4	26.2457727911825	1.6319096E-4	26.2457727911825	4.1441336E-4	26.2457727911825	4.7974003E-5	26.2457727911825	1.6117735E-4	26.2457727911825	2.3883792E-4	26.2457727911825	4.1426859E-4	26.2457727911825	5.04164E-4	26.24577279
3.3237955E-4	77.1540324668076	4.4711752E-4	77.1540324668076	4.6300862E-4	77.1540324668076	4.8444645E-4	77.1540324668076	7.2327909E-4	77.1540324668076	4.2390143E-4	77.1540324668076	4.5323554E-4	77.1540324668076	3.5107869E-4	77.1540324668076	2.9985155E-4	77.1540324668076	8.66074E-4	77.15403247
5.8142336E-4	127.425078177211	7.3751344E-4	127.425078177211	7.3765803E-4	127.425078177211	6.6985188E-4	127.425078177211	8.2993775E-4	127.425078177211	5.686099E-4	127.425078177211	6.3259079E-4	127.425078177211	8.3005964E-4	127.425078177211	6.1548477E-4	127.425078177211	6.33169E-4	127.4250782
8.1168049E-4	177.045632105004	0.0010426596	177.045632105004	0.0010093489	177.045632105004	9.5180484E-4	177.045632105004	0.0011460252	177.045632105004	7.7308926E-4	177.045632105004	9.6100478E-4	177.045632105004	9.7753879E-4	177.045632105004	0.001062303	177.045632105004	0.001877192	177.0456321
9.9617523E-4	228.397030233729	0.0012500853	228.397030233729	0.0011612197	228.397030233729	0.0011508807	228.397030233729	0.0017470912	228.397030233729	0.0010113864	228.397030233729	0.0010688603	228.397030233729	0.0012972945	228.397030233729	0.0011925017	228.397030233729	0.002419709	228.3970302
0.0012548532	278.616355480502	0.0016492644	278.616355480502	0.0016084495	278.616355480502	0.0014294161	278.616355480502	0.0020987315	278.616355480502	0.0013975378	278.616355480502	0.001253063	278.616355480502	0.0013299226	278.616355480502	0.0017014603	278.616355480502	0.0025522	278.6163555
0.0013704635	328.1309772663	0.0019212225	328.1309772663	0.0018056843	328.1309772663	0.0016062775	328.1309772663	0.0024903688	328.1309772663	0.0015902202	328.1309772663	0.0015039179	328.1309772663	0.0016953577	328.1309772663	0.0019204308	328.1309772663	0.00248456	328.1309773
0.0015944584	379.861121971038	0.0021959463	379.861121971038	0.0019452279	379.861121971038	0.0019386402	379.861121971038	0.0027875687	379.861121971038	0.0017931267	379.861121971038	0.0016966036	379.861121971038	0.0019159238	379.861121971038	0.0020792338	379.861121971038	0.003762054	379.861122
0.0018772219	429.695228389377	0.0025139989	429.695228389377	0.002348573	429.695228389377	0.0021795818	429.695228389377	0.0033319723	429.695228389377	0.0019661477	429.695228389377	0.0020201702	429.695228389377	0.0026454888	429.695228389377	0.0021620875	429.695228389377	0.004568856	429.6952284
0.0020169176	480.186917022179	0.0027158932	480.186917022179	0.0023604071	480.186917022179	0.0024282131	480.186917022179	0.0034091888	480.186917022179	0.0023082573	480.186917022179	0.0021874068	480.186917022179	0.0024223124	480.186917022179	0.0022400095	480.186917022179	0.004241812	480.186917
0.0022423577	530.748543288763	0.0030376335	530.748543288763	0.0026523146	530.748543288763	0.0028186752	530.748543288763	0.0039830346	530.748543288763	0.0025386899	530.748543288763	0.0023388893	530.748543288763	0.0028164602	530.748543288763	0.0027124729	530.748543288763	0.004911241	530.7485433
0.0024509379	581.171921563251	0.0032699502	581.171921563251	0.003068973	581.171921563251	0.0030271495	581.171921563251	0.0041163579	581.171921563251	0.0027510338	581.171921563251	0.0027024472	581.171921563251	0.0028751909	581.171921563251	0.002974843	581.171921563251	0.005414708	581.1719216
0.0026291704	632.624181516007	0.0035880029	632.624181516007	0.002989586	632.624181516007	0.0032732175	632.624181516007	0.0046524288	632.624181516007	0.0030223622	632.624181516007	0.0029557259	632.624181516007	0.0032562874	632.624181516007	0.0031267415	632.624181516007	0.006061823	632.6241815
0.0028497933	683.05921055636	0.0038820864	683.05921055636	0.0035600876	683.05921055636	0.0035585881	683.05921055636	0.0051018396	683.05921055636	0.0032834666	683.05921055636	0.0031508353	683.05921055636	0.0035525509	683.05921055636	0.0034196886	683.05921055636	0.00546631	683.0592106
0.0031209958	733.164185617944	0.0041724823	733.164185617944	0.0037242855	733.164185617944	0.0037867137	733.164185617944	0.0054918103	733.164185617944	0.0035201908	733.164185617944	0.0032901992	733.164185617944	0.0036138918	733.164185617944	0.0040470096	733.164185617944	0.007017155	733.1641856
0.0032818868	784.715713067486	0.0045209574	784.715713067486	0.003970829	784.715713067486	0.0040789195	784.715713067486	0.0055884698	784.715713067486	0.0036955711	784.715713067486	0.0036622401	784.715713067486	0.0040498036	784.715713067486	0.0041989081	784.715713067486	0.007725634	784.7157131
0.0035217781	834.410744613116	0.0047412895	834.410744613116	0.0043421234	834.410744613116	0.0043668533	834.410744613116	0.0061089863	834.410744613116	0.0040486913	834.410744613116	0.0037337399	834.410744613116	0.0044622232	834.410744613116	0.0044159059	834.410744613116	0.007446008	834.4107446
0.0039249689	936.602786670729	0.0054161143	936.602786670729	0.0049782056	936.602786670729	0.004923924	936.602786670729	0.0069578115	936.602786670729	0.0043845093	936.602786670729	0.0042475684	936.602786670729	0.0050273424	936.602786670729	0.0048311609	936.602786670729	0.008612628	936.6027867
0.0041094637	987.666591707774	0.0056428997	987.666591707774	0.0052405278	987.666591707774	0.0051537583	987.666591707774	0.0073105628	987.666591707774	0.0047502127	987.666591707774	0.0044923641	987.666591707774	0.0053275212	987.666591707774	0.0052276751	987.666591707774	0.008204695	987.6665917
0.0043165987	1038.78541065532	0.0059655618	1038.78541065532	0.0053174494	1038.78541065532	0.0055809598	1038.78541065532	0.0076733134	1038.78541065532	0.0049193014	1038.78541065532	0.0047056514	1038.78541065532	0.005596377	1038.78541065532	0.0053411058	1038.78541065532	0.009109819	1038.785411
0.0045054289	1089.5095168896	0.0062836145	1089.5095168896	0.0057247392	1089.5095168896	0.0058535143	1089.5095168896	0.0081477223	1089.5095168896	0.0051709683	1089.5095168896	0.0049116675	1089.5095168896	0.0060962399	1089.5095168896	0.0059161501	1089.5095168896	0.010340593	1089.509517
0.0047583263	1141.06189510007	0.0065712447	1141.06189510007	0.0061502732	1141.06189510007	0.0060918927	1141.06189510007	0.0085238052	1141.06189510007	0.0053518539	1141.06189510007	0.0050292179	1141.06189510007	0.006315501	1141.06189510007	0.0060946801	1141.06189510007	0.011615996	1141.061895
0.004896577	1193.71642550035	0.0069446109	1193.71642550035	0.0064845861	1193.71642550035	0.0064900445	1193.71642550035	0.0090309893	1193.71642550035	0.0054713957	1193.71642550035	0.0053152168	1193.71642550035	0.0066130695	1193.71642550035	0.0067358101	1193.71642550035	0.012362131	1193.716426
0.0051080474	1233.98291781891	0.0071760057	1233.98291781891	0.0069416777	1233.98291781891	0.0068634186	1233.98291781891	0.0092415291	1233.98291781891	0.0055138645	1233.98291781891	0.0054158012	1233.98291781891	0.0069576226	1233.98291781891	0.0068561452	1233.98291781891	0.016626954	1330.990877
0.0052255846	1285.63349680388	0.0074156976	1285.63349680388	0.0073218477	1285.63349680388	0.0074042556	1285.63349680388	0.009898702	1285.63349680388	0.0056743021	1285.63349680388	0.0055660718	1285.63349680388	0.0073674319	1285.63349680388	0.0074795208	1285.63349680388		
0.0053079569	1318.97927047655	0.0075862476	1318.97927047655	0.0077582296	1318.97927047655	0.0078280395	1318.97927047655	0.010022026	1318.97927047655	0.0055539739	1318.97927047655	0.0054800298	1318.97927047655	0.00797301	1318.97927047655	0.0079648069	1318.97927047655		
0.0054120061	1330.99087746377	0.0076664522	1330.99087746377	0.0079944183	1330.99087746377	0.0081612566	1330.99087746377	0.0099720299	1330.99087746377	0.0056868855	1330.99087746377	0.0055745548	1330.99087746377	0.0080917764	1330.99087746377	0.0075751971	1330.99087746377		
0.005395628	1341.74385815122	0.00782133	1341.74385815122	0.008299146	1341.74385815122	0.0081518582	1341.74385815122	0.010155349	1341.74385815122	0.0056326198	1341.74385815122	0.005521233	1341.74385815122	0.0081100482	1341.74385815122	0.0081758866	1341.74385815122		
0.0054558417	1351.0357549736	0.0076434049	1351.0357549736	0.0083356344	1351.0357549736	0.0083987806	1351.0357549736	0.010213678	1351.0357549736	0.0056349792	1351.0357549736	0.0055660718	1351.0357549736	0.0087352031	1351.0357549736	0.0086315821	1351.0357549736		
0.0054028536	1359.46556853415	0.0077862981	1359.46556853415	0.0085072287	1359.46556853415	0.0087243081	1359.46556853415	0.010338114	1359.46556853415	0.0054792603	1359.46556853415	0.0055357753	1359.46556853415	0.0088356978	1359.46556853415	0.0084994107	1359.46556853415		
0.0052891702	1367.12167196801	0.0077420473	1367.12167196801	0.0086655096	1367.12167196801	0.008883227	1367.12167196801	0.010228122	1367.12167196801	0.0054981353	1367.12167196801	0.0055721311	1367.12167196801	0.0087926287	1367.12167196801	0.0084343113	1367.12167196801		
0.0054471709	1374.07561040313	0.0077641727	1374.07561040313	0.0089090945	1374.07561040313	0.0088165836	1374.07561040313	0.010263675	1374.07561040313	0.005648349	1374.07561040313	0.005504267	1374.07561040313	0.0089701257	1374.07561040313	0.0091878856	1374.07561040313		
0.0054510246	1386.37440602591	0.0078618932	1386.37440602591	0.0092853198	1386.37440602591	0.0093548575	1386.37440602591	0.010509767	1386.37440602591	0.0054926301	1386.37440602591	0.0056218174	1386.37440602591	0.0092911865	1386.37440602591	0.0091198272	1386.37440602591		
0.0055088297	1398.47976327065	0.0078600495	1398.47976327065	0.0095762411	1398.47976327065	0.0097171243	1398.47976327065	0.010484769	1398.47976327065	0.0054902707	1398.47976327065	0.0054448858	1398.47976327065	0.0097466752	1398.47976327065	0.0097826569	1398.47976327065		
0.0055444762	1405.99905372806	0.0078333146	1405.99905372806	0.0095205223	1405.99905372806	0.0097735149	1405.99905372806	0.010497546	1405.99905372806	0.0053958956	1405.99905372806	0.0054824535	1405.99905372806	0.0097675572	1405.99905372806	0.0098546608	1405.99905372806		
0.0054938967	1412.04752780355	0.00792366	1412.04752780355	0.0096807755	1412.04752780355	0.010019583	1412.04752780355	0.010596427	1412.04752780355	0.0054595988	1412.04752780355	0.0054327672	1412.04752780355	0.010054685	1412.04752780355	0.010045027	1412.04752780355		
0.0055367689	1417.22671055251	0.0078701903	1417.22671055251	0.0097655865	1417.22671055251	0.01044593	1417.22671055251	0.010489213	1417.22671055251	0.0054257811	1417.22671055251	0.005305522	1417.22671055251	0.010511479	1417.22671055251	0.0097935068	1417.22671055251		
0.0054385001	1422.35141860781	0.0077411254	1422.35141860781	0.010152167	1422.35141860781	0.010461309	1422.35141860781	0.010581429	1422.35141860781	0.005369156	1422.35141860781	0.0054121656	1422.35141860781	0.010443612	1422.35141860781	0.0099148283	1422.35141860781		
0.0054563234	1427.33462636006	0.0078655808	1427.33462636006	0.010145756	1427.33462636006	0.010478397	1427.33462636006	0.010544765	1427.33462636006	0.0052433226	1427.33462636006	0.0054424621	1427.33462636006	0.010434476	1427.33462636006	0.010336988	1427.33462636006		
0.0055738605	1431.98459765914	0.0078858624	1431.98459765914	0.010132443	1431.98459765914	0.010707377	1431.98459765914	0.010855297	1431.98459765914	0.0052189423	1431.98459765914	0.0054121656	1431.98459765914	0.01073857	1431.98459765914	0.010778874	1431.98459765914		
0.0054611405	1436.95437574148	0.0078600495	1436.95437574148	0.010590028	1436.95437574148	0.010646715	1436.95437574148	0.010812522	1436.95437574148	0.0052621976	1436.95437574148	0.0053455133	1436.95437574148	0.011226687	1436.95437574148	0.01059344	1436.95437574148		
0.0055102749	1441.339982366	0.0078572838	1441.339982366	0.010655115	1441.339982366	0.010955154	1441.339982366	0.010584206	1441.339982366	0.0052102913	1441.339982366	0.005236446	1441.339982366	0.011042665	1441.339982366	0.01058259	1441.339982366		
0.0054683661	1446.06379216381	0.0079070659	1446.06379216381	0.010804028	1446.06379216381	0.011096985	1446.06379216381	0.010816967	1446.06379216381	0.0051631037	1446.06379216381	0.0052824966	1446.06379216381	0.011449864	1446.06379216381	0.010752243	1446.06379216381		
0.0055396591	1450.58706376083	0.0078406897	1450.58706376083	0.010874539	1450.58706376083	0.011202077	1450.58706376083	0.010774747	1450.58706376083	0.0052991612	1450.58706376083	0.0051600988	1450.58706376083	0.01104397	1450.58706376083	0.010681225	1450.58706376083		
0.0055175005	1454.99520285826	0.0079015346	1454.99520285826	0.011188142	1454.99520285826	0.011630132	1454.99520285826	0.010819744	1454.99520285826	0.0051615308	1454.99520285826	0.005314005	1454.99520285826	0.011333707	1454.99520285826	0.011297696	1454.99520285826		
0.0055651897	1459.19406603084	0.0078646589	1459.19406603084	0.011390308	1459.19406603084	0.011150812	1459.19406603084	0.010748638	1459.19406603084	0.0051434423	1459.19406603084	0.0053346066	1459.19406603084	0.011678261	1459.19406603084	0.010960363	1459.19406603084		
0.0056085436	1463.4463985309	0.0079181286	1463.4463985309	0.01147364	1463.4463985309	0.011353306	1463.4463985309	0.010775858	1463.4463985309	0.0052291663	1463.4463985309	0.0052388697	1463.4463985309	0.011081818	1463.4463985309	0.011057026	1463.4463985309		
0.005526653	1467.78110804973	0.0079946457	1467.78110804973	0.011435179	1467.78110804973	0.0114977	1467.78110804973	0.010959178	1467.78110804973	0.0051717548	1467.78110804973	0.0050570907	1467.78110804973	0.011395048	1467.78110804973	0.011424936	1467.78110804973		
0.0055859033	1472.1094000864	0.0079715984	1472.1094000864	0.011517031	1472.1094000864	0.011618171	1472.1094000864	0.010930291	1472.1094000864	0.0052275934	1472.1094000864	0.0051964546	1472.1094000864	0.011610394	1472.1094000864	0.01156993	1472.1094000864		
0.005556519	1476.26685700604	0.0079522386	1476.26685700604	0.011785764	1476.26685700604	0.011971894	1476.26685700604	0.011169162	1476.26685700604	0.0051646767	1476.26685700604	0.0052885559	1476.26685700604	0.012005847	1476.26685700604	0.012047325	1476.26685700604		
0.0055290615	1480.35756036321	0.0079190505	1480.35756036321	0.011808446	1480.35756036321	0.012358084	1480.35756036321	0.010981399	1480.35756036321	0.0050742339	1480.35756036321	0.0051201074	1480.35756036321	0.01250571	1480.35756036321	0.011755365	1480.35756036321		
0.0055618178	1484.67256975944	0.0080241462	1484.67256975944	0.011949468	1484.67256975944	0.012440961	1484.67256975944	0.0109564	1484.67256975944	0.0051167027	1484.67256975944	0.0051649462	1484.67256975944	0.01198627	1484.67256975944	0.012024639	1484.67256975944		
0.005530025	1488.52928381993	0.007897847	1488.52928381993	0.011687146	1488.52928381993	0.012153027	1488.52928381993	0.011074725	1488.52928381993	0.0052079319	1488.52928381993	0.0050728449	1488.52928381993	0.011949727	1488.52928381993	0.012319559	1488.52928381993		
0.0056629768	1492.70819515045	0.0079900362	1492.70819515045	0.012407546	1492.70819515045	0.012450359	1492.70819515045	0.010943068	1492.70819515045	0.0050561453	1492.70819515045	0.0051637344	1492.70819515045	0.012277313	1492.70819515045	0.012270241	1492.70819515045		
0.0055314701	1496.46668114826	0.0080352089	1496.46668114826	0.012396698	1496.46668114826	0.012396532	1496.46668114826	0.011238046	1496.46668114826	0.0051127704	1496.46668114826	0.0051613107	1496.46668114826	0.012377808	1496.46668114826	0.012513871	1496.46668114826		
0.0056335925	1500.14095893033	0.007847143	1500.14095893033	0.012309915	1500.14095893033	0.012827151	1500.14095893033	0.011120833	1500.14095893033	0.0051977079	1500.14095893033	0.0052085732	1500.14095893033	0.012410436	1500.14095893033	0.012477376	1500.14095893033		
0.0056422633	1503.74984718046	0.0079411759	1503.74984718046	0.012436145	1503.74984718046	0.012918572	1503.74984718046	0.011265266	1503.74984718046	0.0051473746	1503.74984718046	0.0050304298	1503.74984718046	0.012492659	1503.74984718046	0.012245582	1503.74984718046		
0.0055367689	1507.37340683437	0.0079817392	1507.37340683437	0.012511588	1507.37340683437	0.012965564	1507.37340683437	0.011063059	1507.37340683437	0.0051465881	1507.37340683437	0.0050267942	1507.37340683437	0.013052557	1507.37340683437	0.012463567	1507.37340683437		
0.0056745378	1511.13504375061	0.0079992551	1511.13504375061	0.012872527	1511.13504375061	0.012790412	1511.13504375061	0.011294153	1511.13504375061	0.0051859111	1511.13504375061	0.0050255824	1511.13504375061	0.012542253	1511.13504375061	0.013065242	1511.13504375061		
0.005722227	1514.81942753865	0.0080647094	1514.81942753865	0.013188103	1514.81942753865	0.013213341	1514.81942753865	0.011239713	1514.81942753865	0.0051638902	1514.81942753865	0.0052037257	1514.81942753865	0.012985996	1514.81942753865	0.013087929	1514.81942753865		
0.0056176961	1518.07283525777	0.0079310351	1518.07283525777	0.012876965	1518.07283525777	0.013330394	1518.07283525777	0.011324151	1518.07283525777	0.0051017599	1518.07283525777	0.0051455565	1518.07283525777	0.012932486	1518.07283525777	0.013383835	1518.07283525777		
0.0055695251	1521.54550659875	0.0080573343	1521.54550659875	0.012999744	1521.54550659875	0.013670447	1521.54550659875	0.01119916	1521.54550659875	0.0050427755	1521.54550659875	0.0050934465	1521.54550659875	0.013531538	1521.54550659875	0.012913344	1521.54550659875		
0.005654306	1524.85594478648	0.0080573343	1524.85594478648	0.01288091	1524.85594478648	0.013337229	1524.85594478648	0.011413033	1524.85594478648	0.0051096245	1524.85594478648	0.0051273786	1524.85594478648	0.013374923	1524.85594478648	0.013001129	1524.85594478648		
0.0058310934	1528.28613020962	0.0080361308	1528.28613020962	0.013611664	1528.28613020962	0.013949836	1528.28613020962	0.011579132	1528.28613020962	0.0050498536	1528.28613020962	0.0051782767	1528.28613020962	0.013513267	1528.28613020962	0.01343118	1528.28613020962		
0.0057482394	1541.24664643744	0.0080665532	1541.24664643744	0.013383365	1541.24664643744	0.013766994	1541.24664643744	0.011219714	1541.24664643744	0.0052448955	1541.24664643744	0.0051891834	1541.24664643744	0.013842158	1541.24664643744	0.013769499	1541.24664643744		
0.0057834041	1545.28802411919	0.0080527248	1545.28802411919	0.013285734	1545.28802411919	0.014170272	1545.28802411919	0.01144803	1545.28802411919	0.0051182756	1545.28802411919	0.0050776923	1545.28802411919	0.013515877	1545.28802411919	0.013733004	1545.28802411919		
0.0057092209	1548.46377384683	0.0081347732	1548.46377384683	0.013674287	1548.46377384683	0.013970342	1548.46377384683	0.01161024	1548.46377384683	0.0050836714	1548.46377384683	0.005071633	1548.46377384683	0.013252242	1548.46377384683	0.013584064	1548.46377384683		
0.005826758	1551.69430442892	0.0081781021	1551.69430442892	0.014216682	1551.69430442892	0.014106192	1551.69430442892	0.011557467	1551.69430442892	0.005072661	1551.69430442892	0.0051443446	1551.69430442892	0.013946568	1551.69430442892	0.01385038	1551.69430442892		
0.0059023864	1554.9440446687	0.0081006632	1554.9440446687	0.014670322	1554.9440446687	0.014439409	1554.9440446687	0.01148025	1554.9440446687	0.0052118642	1554.9440446687	0.005175853	1554.9440446687	0.014325054	1554.9440446687	0.014216317	1554.9440446687		
0.0057699163	1556.86082314779	0.008076694	1556.86082314779	0.014229502	1556.86082314779	0.014455643	1556.86082314779	0.011569132	1556.86082314779	0.0051261402	1556.86082314779	0.0049977096	1556.86082314779	0.013565472	1556.86082314779	0.015178999	1556.86082314779		
0.0059086486	1559.2576922219	0.0082518535	1559.2576922219	0.01484734	1559.2576922219	0.014817055	1559.2576922219	0.011685235	1559.2576922219	0.0050073849	1559.2576922219	0.005314005	1559.2576922219	0.014080996	1559.2576922219	0.013908575	1559.2576922219		
0.0058951607	1563.45514836667	0.0081698051	1563.45514836667	0.014738368	1563.45514836667	0.014018189	1563.45514836667	0.011607463	1563.45514836667	0.0049877234	1563.45514836667	0.005201302	1563.45514836667	0.014197152	1563.45514836667	0.014342571	1563.45514836667		
0.0057891847	1566.28879799376	0.0081264762	1566.28879799376	0.014476046	1566.28879799376	0.014830726	1566.28879799376	0.011728565	1566.28879799376	0.0050467078	1566.28879799376	0.0051879716	1566.28879799376	0.014443821	1566.28879799376	0.015228316	1566.28879799376		
0.0059857221	1570.65708969662	0.0081799459	1570.65708969662	0.014898128	1570.65708969662	0.015274161	1570.65708969662	0.011835223	1570.65708969662	0.0051898434	1570.65708969662	0.005123743	1570.65708969662	0.01407186	1570.65708969662	0.014319884	1570.65708969662		
0.0059635635	1565.78959317446	0.0083744651	1565.78959317446	0.016678665	1565.78959317446	0.015850883	1565.78959317446	0.012112425	1565.78959317446	0.0050065984	1565.78959317446	0.0049286336	1565.78959317446	0.015390037	1565.78959317446	0.016439559	1565.78959317446		
0.0059481488	1588.20391292681	0.008383684	1588.20391292681	0.017024319	1588.20391292681	0.015195556	1588.20391292681	0.01249073	1588.20391292681	0.0050899631	1588.20391292681	0.0048825829	1588.20391292681	0.015866407	1588.20391292681	0.016430682	1588.20391292681		
0.005980905	1593.53265960436	0.0085016861	1593.53265960436	0.016117532	1593.53265960436	0.016650604	1593.53265960436	0.012271857	1593.53265960436	0.0051945621	1593.53265960436	0.004908032	1593.53265960436	0.01594602	1593.53265960436	0.014845611	1593.53265960436		
0.0061177105	1601.92343422903	0.0085007642	1601.92343422903	0.017573618	1601.92343422903	0.016712975	1601.92343422903	0.012368517	1601.92343422903	0.0049932286	1601.92343422903	0.0050146756	1601.92343422903	0.015705877	1601.92343422903	0.020741048	1608.98815012429		
0.0060921799	1603.04163084312	0.0084546697	1603.04163084312	0.020709651	1603.04163084312	0.017432383	1603.04163084312	0.012390737	1603.04163084312	0.0049633431	1603.04163084312	0.0048910659	1603.04163084312	0.016239673	1603.04163084312	0.019438074	1610.64515850886		
0.0060921799	1608.98815012429	0.0084767951	1608.98815012429	0.017265439	1608.98815012429	0.016689052	1608.98815012429	0.012425179	1608.98815012429	0.0050695151	1608.98815012429	0.0049116675	1608.98815012429	0.015280406	1608.98815012429	0.019587014	1620.602370239		
0.0061923755	1610.64515850886	0.0084297786	1610.64515850886	0.019996154	1610.64515850886	0.01703594	1610.64515850886	0.012537949	1610.64515850886	0.0051245673	1610.64515850886	0.0051528276	1610.64515850886	0.016311455	1610.64515850886	0.016929777	1627.5286970114		
0.006272821	1616.19092261632	0.0086436575	1616.19092261632	0.019478906	1616.19092261632	0.015779967	1616.19092261632	0.012661273	1616.19092261632	0.0051088381	1616.19092261632	0.0050776923	1616.19092261632	0.014883648	1616.19092261632	0.019207267	1615.87825854249		
0.0061239728	1620.602370239	0.0085339524	1620.602370239	0.019121911	1620.602370239	0.016908634	1620.602370239	0.012583501	1620.602370239	0.0050750203	1620.602370239	0.0053030982	1620.602370239	0.017090615	1620.602370239	0.01990462	1631.94099941395		
0.0062198329	1627.5286970114	0.0086399699	1627.5286970114	0.019884716	1627.5286970114	0.017061572	1627.5286970114	0.012661273	1627.5286970114	0.0050183953	1627.5286970114	0.0049480233	1627.5286970114	0.015811592	1627.5286970114	0.021943413	1646.13205667491		
0.0060637591	1615.87825854249	0.0085450151	1615.87825854249	0.019852173	1615.87825854249	0.016888128	1621.14945133202	0.012748488	1615.87825854249	0.0050168224	1615.87825854249	0.005175853	1615.87825854249	0.016033463	1615.87825854249	0.020533913	1649.7126321079		
0.0060859177	1621.14945133202	0.0085754375	1621.14945133202	0.020201771	1621.14945133202	0.016350708	1624.51655554031	0.012695714	1621.14945133202	0.0050600776	1621.14945133202	0.0050352772	1621.14945133202	0.017868469	1621.14945133202	0.019816834	1651.5282560675		
0.0061644364	1624.51655554031	0.0086233759	1624.51655554031	0.020928088	1624.51655554031	0.016955626	1627.08528419859	0.012950695	1624.51655554031	0.005043562	1624.51655554031	0.0051467683	1624.51655554031	0.01568891	1624.51655554031	0.021474895	1651.86600725498		
0.0062039365	1627.08528419859	0.0086998929	1627.08528419859	0.020903927	1627.08528419859	0.017696393	1631.94099941395	0.012541282	1627.08528419859	0.0051662496	1627.08528419859	0.0049468115	1627.08528419859	0.015981258	1627.08528419859	0.021062599	1624.57675424865		
0.0062371745	1631.94099941395	0.0087432218	1631.94099941395	0.02061054	1631.94099941395	0.017603263	1633.6139687447	0.012924586	1631.94099941395	0.0050883901	1631.94099941395	0.0051770648	1631.94099941395	0.015769828	1631.94099941395	0.02159523	1639.31890838747		
0.0061991194	1639.45524397635	0.0086058599	1633.6139687447	0.019764896	1639.45524397635	0.01774424	1639.45524397635	0.012813483	1633.6139687447	0.0051182756	1633.6139687447	0.0051964546	1633.6139687447	0.017084089	1633.6139687447	0.019874043	1643.05835134987		
0.0062410282	1643.16096436081	0.0087644253	1639.45524397635	0.019775251	1643.16096436081	0.017199985	1643.16096436081	0.01290181	1639.45524397635	0.0048768326	1639.45524397635	0.005080116	1639.45524397635	0.015296068	1639.45524397635	0.022020348	1638.07449439634		
0.0062111622	1644.52229163309	0.0088049885	1643.16096436081	0.020139642	1644.52229163309	0.017984327	1644.52229163309	0.012715713	1643.16096436081	0.0050868172	1643.16096436081	0.0050061926	1643.16096436081	0.01599692	1643.16096436081	0.021547885	1648.2904065465		
0.006145168	1646.13205667491	0.0087515188	1644.52229163309	0.019221021	1646.13205667491	0.018418364	1646.13205667491	0.012987359	1644.52229163309	0.005167036	1644.52229163309	0.0050534551	1644.52229163309	0.016308845	1644.52229163309	0.021939467	1653.9873125371		
0.0062275403	1647.81851835418	0.0086897521	1646.13205667491	0.021090807	1647.81851835418	0.017804902	1647.81851835418	0.012978471	1646.13205667491	0.005235458	1646.13205667491	0.0052715899	1646.13205667491	0.015746336	1646.13205667491	0.021939467	1635.24440613135		
0.0062863089	1649.7126321079	0.0086823769	1647.81851835418	0.019973965	1649.7126321079	0.016503647	1651.5282560675	0.013039578	1647.81851835418	0.0051756871	1647.81851835418	0.0051007177	1647.81851835418	0.017136294	1647.81851835418	0.022154493	1657.44582174093		
0.0062829369	1651.5282560675	0.0087598158	1649.7126321079	0.020241711	1651.5282560675	0.018273115	1651.86600725498	0.012927364	1649.7126321079	0.0051355777	1649.7126321079	0.0048959134	1649.7126321079	0.015989089	1649.7126321079				
0.0061918938	1651.86600725498	0.0088077542	1651.5282560675	0.021661308	1651.86600725498	0.018234667	1624.57675424865	0.012884589	1651.5282560675	0.0050663693	1651.5282560675	0.0051855478	1651.5282560675	0.016863523	1651.5282560675				
0.0063118395	1624.57675424865	0.0088639896	1651.86600725498	0.020173172	1624.57675424865	0.01694281	1639.31890838747	0.01316068	1651.86600725498	0.0052991612	1651.86600725498	0.0050910228	1651.86600725498	0.016903982	1651.86600725498				
0.006771872	1639.31890838747	0.0086372042	1624.57675424865	0.021990691	1643.05835134987	0.01543308	1643.05835134987	0.012977916	1624.57675424865	0.0049303119	1624.57675424865	0.0050267942	1624.57675424865	0.017439083	1624.57675424865				
0.0062853454	1643.05835134987	0.0087598158	1639.31890838747	0.022570561	1648.2904065465	0.017520386	1653.9873125371	0.01321012	1639.31890838747	0.0049790723	1639.31890838747	0.0048183543	1639.31890838747	0.01699273	1635.24440613135				
0.0063609738	1648.2904065465	0.0087127994	1643.05835134987	0.022727855	1653.9873125371	0.017461432	1635.24440613135	0.013444547	1643.05835134987	0.0050852443	1643.05835134987	0.0050340654	1643.05835134987	0.01787369	1664.84747844501				
0.0064168521	1653.9873125371	0.0088916464	1638.07449439634	0.022935445	1657.44582174093	0.0182022	1657.44582174093	0.013063465	1638.07449439634	0.004870541	1638.07449439634	0.0050267942	1638.07449439634						
0.0064394925	1657.44582174093	0.0090013515	1648.2904065465	0.022978837	1665.32289816496			0.01317179	1648.2904065465	0.0052763538	1648.2904065465	0.0050122519	1648.2904065465						
0.0064428644	1665.32289816496	0.0089939764	1653.9873125371					0.013184011	1653.9873125371	0.0051465881	1653.9873125371	0.0048413797	1653.9873125371						
0.0072608072	1664.84747844501	0.0088363329	1635.24440613135					0.013067353	1635.24440613135	0.0050891766	1635.24440613135	0.0051249549	1635.24440613135						
		0.0089552569	1657.44582174093					0.013531763	1657.44582174093	0.0051528798	1657.44582174093	0.0052812848	1657.44582174093						
		0.008920225	1665.32289816496					0.013488433	1665.32289816496	0.0050962547	1665.32289816496	0.0052655306	1665.32289816496						
		0.0087911602	1664.84747844501					0.013378441	1664.84747844501	0.0050467078	1664.84747844501	0.0050292179	1664.84747844501						
