#Elastic lattice strain	True stress	Elastic lattice strain	True stress	Elastic lattice strain	True stress	Elastic lattice strain	True stress	Elastic lattice strain	True stress	Elastic lattice strain	True stress	Elastic lattice strain	True stress	Elastic lattice strain	True stress	Elastic lattice strain	True stress	Elastic lattice strain	True stress	Elastic lattice strain	True stress	Elastic lattice strain	True stress
#	MPa		MPa		MPa		MPa		MPa		MPa		MPa		MPa		MPa		MPa		MPa		MPa
#	FCC111		FCC311		BCC110		BCC211		BCC200		FCC200		FCC220		FCC331		BCC321		BCC220		FCC222		FCC400
0	1.355189561	0	1.355189561	0	1.355189561	0	1.355189561	0	1.355189561	0	1.355189561	0	1.355189561	0	1.355189561	0	1.355189561	0	1.355189561	0	1.355189561	0	1.355189561
4.33E-6	1.350285001	8.21E-5	1.350285001	-1.77407E-4	1.350285001	2.57E-6	1.350285001	7.38118E-4	1.350285001	4E-5	1.350285001	5.03E-5	1.350285001	-5.69E-5	1.350285001	6.28E-5	1.350285001	-2.13489E-4	1.350285001	-1.59893E-4	1.350285001	2.13123E-4	1.350285001
-1.36791E-4	26.24577279	-5.16E-5	26.24577279	-1.9075E-4	26.24577279	-1.97825E-4	26.24577279	5.37772E-4	26.24577279	-2.60743E-4	26.24577279	-4.25E-5	26.24577279	-1.27192E-4	26.24577279	-2.8113E-4	26.24577279	-2.21396E-4	26.24577279	3.37E-5	26.24577279	-2.84164E-4	26.24577279
-2.47572E-4	77.15403247	-3.00641E-4	77.15403247	-3.0688E-4	77.15403247	-2.70618E-4	77.15403247	1.22317E-4	77.15403247	-4.31977E-4	77.15403247	-1.87969E-4	77.15403247	-2.73766E-4	77.15403247	-3.72661E-4	77.15403247	-3.18257E-4	77.15403247	-1.39665E-4	77.15403247	-2.81944E-4	77.15403247
-3.05852E-4	127.4250782	-5.15517E-4	127.4250782	-2.08046E-4	127.4250782	-3.33135E-4	127.4250782	0.001240742	127.4250782	-6.06547E-4	127.4250782	-3.35042E-4	127.4250782	-4.71217E-4	127.4250782	-6.23717E-4	127.4250782	-5.75235E-4	127.4250782	-3.61203E-4	127.4250782	-4.95068E-4	127.4250782
-4.1278E-4	177.0456321	-4.26062E-4	177.0456321	-5.89546E-4	177.0456321	-5.60934E-4	177.0456321	-2.79782E-4	177.0456321	-5.27602E-4	177.0456321	-4.27847E-4	177.0456321	-5.01501E-4	177.0456321	-5.11265E-4	177.0456321	-6.94829E-4	177.0456321	-2.88E-4	177.0456321	-5.87199E-4	177.0456321
-4.86955E-4	228.3970302	-5.09984E-4	228.3970302	-6.68613E-4	228.3970302	-6.10604E-4	228.3970302	6.68E-5	228.3970302	-7.54988E-4	228.3970302	-4.57733E-4	228.3970302	-5.99621E-4	228.3970302	-5.60953E-4	228.3970302	-8.65818E-4	228.3970302	-4.12254E-4	228.3970302	-5.92749E-4	228.3970302
-5.12965E-4	278.6163555	-6.86127E-4	278.6163555	-7.01228E-4	278.6163555	-6.97099E-4	278.6163555	-4.23891E-4	278.6163555	-7.32749E-4	278.6163555	-5.64694E-4	278.6163555	-6.02043E-4	278.6163555	-7.75397E-4	278.6163555	-8.72737E-4	278.6163555	-4.39223E-4	278.6163555	-0.001092257	278.6163555
-5.56314E-4	328.1309773	-7.15637E-4	328.1309773	-9.25582E-4	328.1309773	-7.43344E-4	328.1309773	-4.50604E-4	328.1309773	-0.001101904	328.1309773	-6.284E-4	328.1309773	-7.25602E-4	328.1309773	-8.6562E-4	328.1309773	-9.64656E-4	328.1309773	-4.30555E-4	328.1309773	-9.40185E-4	328.1309773
-6.15076E-4	379.861122	-8.46592E-4	379.861122	-7.70906E-4	379.861122	-8.38403E-4	379.861122	-9.18079E-4	379.861122	-0.00110524	379.861122	-7.62888E-4	379.861122	-7.46195E-4	379.861122	-9.92455E-4	379.861122	-8.91516E-4	379.861122	-6.30902E-4	379.861122	-0.001420822	379.861122
-7.38862E-4	429.6952284	-9.2498E-4	429.6952284	-0.001066915	429.6952284	-9.72E-4	429.6952284	-4.04208E-4	429.6952284	-0.001333181	429.6952284	-8.19515E-4	429.6952284	-8.29778E-4	429.6952284	-0.001063065	429.6952284	-0.001158378	429.6952284	-5.23986E-4	429.6952284	-8.41393E-4	429.6952284
-7.96179E-4	480.186917	-9.68324E-4	480.186917	-0.001172173	480.186917	-0.001020814	480.186917	-7.00861E-4	480.186917	-0.001447152	480.186917	-9.20971E-4	480.186917	-8.54005E-4	480.186917	-0.001002916	480.186917	-0.001086226	480.186917	-7.73457E-4	480.186917	-0.001398622	480.186917
-8.26042E-4	530.7485433	-0.001098356	530.7485433	-0.001184033	530.7485433	-0.001145846	530.7485433	-0.001134593	530.7485433	-0.00120698	530.7485433	-9.949E-4	530.7485433	-9.82409E-4	530.7485433	-0.001031683	530.7485433	-0.001130703	530.7485433	-7.83089E-4	530.7485433	-0.001779358	530.7485433
-8.17372E-4	581.1719216	-0.001220088	581.1719216	-0.001085693	581.1719216	-0.001232341	581.1719216	-0.001668851	581.1719216	-0.001411571	581.1719216	-0.0011113	581.1719216	-9.76352E-4	581.1719216	-0.001046066	581.1719216	-7.65992E-4	581.1719216	-9.25644E-4	581.1719216	-0.001486313	581.1719216
-9.32006E-4	632.6241815	-0.001232999	632.6241815	-0.001335249	632.6241815	-0.001248613	632.6241815	-0.001372197	632.6241815	-0.001659527	632.6241815	-0.001073549	632.6241815	-0.001087797	632.6241815	-0.001544255	632.6241815	-0.00121175	632.6241815	-9.56467E-4	632.6241815	-0.001385301	632.6241815
-8.86249E-4	683.0592106	-0.00135842	683.0592106	-0.001464722	683.0592106	-0.001437874	683.0592106	-0.001322989	683.0592106	-0.001791289	683.0592106	-0.001186016	683.0592106	-0.0012695	683.0592106	-0.00166063	683.0592106	-0.001228552	683.0592106	-9.69952E-4	683.0592106	-0.001588435	683.0592106
-0.001010035	733.1641856	-0.001426664	733.1641856	-0.001531435	733.1641856	-0.001455858	733.1641856	-9.98217E-4	733.1641856	-0.002145988	733.1641856	-0.001299269	733.1641856	-0.001298572	733.1641856	-0.001651477	733.1641856	-0.001612042	733.1641856	-9.90179E-4	733.1641856	-0.001657256	733.1641856
-0.001100105	784.7157131	-0.001444186	784.7157131	-0.001507715	784.7157131	-0.001673381	784.7157131	-0.002170771	784.7157131	-0.001977534	784.7157131	-0.001353537	784.7157131	-0.001284036	784.7157131	-0.001461877	784.7157131	-0.001847276	784.7157131	-0.001001738	784.7157131	-0.002002471	784.7157131
-0.00115116	834.4107446	-0.001683039	834.4107446	-0.0014751	834.4107446	-0.001765871	834.4107446	-0.00212086	834.4107446	-0.002083165	834.4107446	-0.001419601	834.4107446	-0.001384579	834.4107446	-0.001835846	834.4107446	-0.001430181	834.4107446	-0.001023891	834.4107446	-0.002427608	834.4107446
-0.001205106	936.6027867	-0.001801082	936.6027867	-0.001727621	936.6027867	-0.001854935	936.6027867	-0.002422434	936.6027867	-0.00242063	936.6027867	-0.001656332	936.6027867	-0.001488755	936.6027867	-0.001863305	936.6027867	-0.001730648	936.6027867	-0.001209791	936.6027867	-0.002521959	936.6027867
-0.001303846	987.6665917	-0.001840738	987.6665917	-0.001980636	987.6665917	-0.002080165	987.6665917	-0.002243177	987.6665917	-0.002363923	987.6665917	-0.001637457	987.6665917	-0.001620793	987.6665917	-0.002051597	987.6665917	-0.00185716	987.6665917	-0.00134753	987.6665917	-0.002496429	987.6665917
-0.001276873	1038.785411	-0.001977225	1038.785411	-0.001753318	1038.785411	-0.002124697	1038.785411	-0.002037207	1038.785411	-0.002597424	1038.785411	-0.001767226	1038.785411	-0.00175283	1038.785411	-0.001960066	1038.785411	-0.002019254	1038.785411	-0.001299369	1038.785411	-0.00257968	1038.785411
-0.001370314	1089.509517	-0.002023336	1089.509517	-0.00175826	1089.509517	-0.002182075	1089.509517	-0.002376741	1089.509517	-0.002363923	1089.509517	-0.001821494	1089.509517	-0.001740717	1089.509517	-0.002094747	1089.509517	-0.002006405	1089.509517	-0.00134464	1089.509517	-0.002854964	1089.509517
-0.001382837	1141.061895	-0.002065758	1141.061895	-0.00194555	1141.061895	-0.002294262	1141.061895	-0.002799929	1141.061895	-0.002421186	1141.061895	-0.001958342	1141.061895	-0.001796439	1141.061895	-0.002079056	1141.061895	-0.00200937	1141.061895	-0.001367757	1141.061895	-0.002741742	1141.061895
-0.001377539	1193.716426	-0.002213312	1193.716426	-0.002022147	1193.716426	-0.002429571	1193.716426	-0.003340513	1193.716426	-0.002401172	1193.716426	-0.002088111	1193.716426	-0.001929688	1193.716426	-0.002279117	1193.716426	-0.002366174	1193.716426	-0.001441924	1193.716426	-0.002787253	1193.716426
-0.001517701	1233.982918	-0.002155212	1233.982918	-0.00171329	1233.982918	-0.002485236	1233.982918	-0.002724008	1233.982918	-0.002372818	1233.982918	-0.002117998	1233.982918	-0.001938168	1233.982918	-0.002743308	1233.982918	-0.00232565	1233.982918	-0.001443851	1233.982918	-0.002900475	1233.982918
-0.00157839	1285.633497	-0.002240056	1285.633497	-0.001866977	1285.633497	-0.002649662	1285.633497	-0.003296226	1285.633497	-0.002421186	1285.633497	-0.002198219	1285.633497	-0.002002369	1285.633497	-0.002621703	1285.633497	-0.001992567	1285.633497	-0.00155173	1285.633497	-0.00325124	1285.633497
-0.001641487	1318.97927	-0.002155212	1318.97927	-0.001865495	1318.97927	-0.002804668	1318.97927	-0.004248047	1318.97927	-0.002333901	1318.97927	-0.002295743	1318.97927	-0.001992679	1318.97927	-0.002919832	1318.97927	-0.002555942	1318.97927	-0.001470821	1318.97927	-0.003405533	1318.97927
-0.001629446	1330.990877	-0.00220409	1330.990877	-0.001792852	1330.990877	-0.00300335	1330.990877	-0.003963344	1330.990877	-0.001888581	1330.990877	-0.002261137	1330.990877	-0.002117448	1330.990877	-0.002855761	1330.990877	-0.002188266	1330.990877	-0.001672131	1330.990877	-0.003505434	1330.990877
-0.001631372	1341.743858	-0.002222534	1341.743858	-0.001675733	1341.743858	-0.003098409	1341.743858	-0.004353493	1341.743858	-0.002175454	1341.743858	-0.00235001	1341.743858	-0.002144098	1341.743858	-0.002685775	1341.743858	-0.002447221	1341.743858	-0.001776158	1341.743858	-0.003602006	1341.743858
-0.001612588	1351.035755	-0.002186567	1351.035755	-0.002269726	1351.035755	-0.003131808	1351.035755	-0.004532047	1351.035755	-0.001750148	1351.035755	-0.002338999	1351.035755	-0.002079896	1351.035755	-0.003062359	1351.035755	-0.002193208	1351.035755	-0.001511275	1351.035755	-0.003650846	1351.035755
-0.001687245	1359.465569	-0.002098035	1359.465569	-0.001870436	1359.465569	-0.003372453	1359.465569	-0.004751374	1359.465569	-0.001822978	1359.465569	-0.00235001	1359.465569	-0.002129562	1359.465569	-0.003248035	1359.465569	-0.002510477	1359.465569	-0.001686579	1359.465569	-0.003340042	1359.465569
-0.001655937	1367.121672	-0.001996592	1367.121672	-0.001877849	1367.121672	-0.00333049	1367.121672	-0.004268433	1367.121672	-0.001999772	1367.121672	-0.002475847	1367.121672	-0.002127139	1367.121672	-0.00304536	1367.121672	-0.00280699	1367.121672	-0.00170488	1367.121672	-0.003496554	1367.121672
-0.001756122	1374.07561	-0.002134001	1374.07561	-0.001878343	1374.07561	-0.003497486	1374.07561	-0.005027641	1374.07561	-0.001650632	1374.07561	-0.002438096	1374.07561	-0.002098066	1374.07561	-0.002740693	1374.07561	-0.002290069	1374.07561	-0.001651904	1374.07561	-0.003759628	1374.07561
-0.00175275	1386.374406	-0.002062991	1386.374406	-0.001989532	1386.374406	-0.003470938	1386.374406	-0.005429037	1386.374406	-0.00172513	1386.374406	-0.002492363	1386.374406	-0.002179227	1386.374406	-0.002829609	1386.374406	-0.00178402	1386.374406	-0.001759783	1386.374406	-0.003754078	1386.374406
-0.001731557	1398.479763	-0.002141379	1398.479763	-0.001970753	1398.479763	-0.003631938	1398.479763	-0.005971026	1398.479763	-0.001605044	1398.479763	-0.002582809	1398.479763	-0.002145309	1398.479763	-0.00336441	1398.479763	-0.002366174	1398.479763	-0.001657683	1398.479763	-0.00389616	1398.479763
-0.001786466	1405.999054	-0.002095268	1405.999054	-0.001678698	1405.999054	-0.003914546	1405.999054	-0.005876828	1405.999054	-0.00154778	1405.999054	-0.002500228	1405.999054	-0.002273713	1405.999054	-0.003508244	1405.999054	-0.001633787	1405.999054	-0.001703917	1405.999054	-0.00386397	1405.999054
-0.001745044	1412.047528	-0.002141379	1412.047528	-0.001825961	1412.047528	-0.003940238	1412.047528	-0.006096155	1412.047528	-0.001467723	1412.047528	-0.002472701	1412.047528	-0.002261599	1412.047528	-0.0039489	1412.047528	-0.002164545	1412.047528	-0.001599891	1412.047528	-0.004012712	1412.047528
-0.001686763	1417.226711	-0.002081435	1417.226711	-0.002045373	1417.226711	-0.003995047	1417.226711	-0.005911274	1417.226711	-0.001566127	1417.226711	-0.002543485	1417.226711	-0.002171959	1417.226711	-0.003063666	1417.226711	-0.003131177	1417.226711	-0.001606633	1417.226711	-0.004359037	1417.226711
-0.001746007	1422.351419	-0.002011347	1422.351419	-0.001714278	1422.351419	-0.00397535	1422.351419	-0.006228313	1422.351419	-0.001765715	1422.351419	-0.002397985	1422.351419	-0.002242218	1422.351419	-0.003370948	1422.351419	-0.00185123	1422.351419	-0.001853215	1422.351419	-0.003983852	1422.351419
-0.001738782	1427.334626	-0.002086046	1427.334626	-0.001830409	1427.334626	-0.004109803	1427.334626	-0.006739373	1427.334626	-0.001426582	1427.334626	-0.00247742	1427.334626	-0.002251909	1427.334626	-0.003203578	1427.334626	-0.001931288	1427.334626	-0.00173763	1427.334626	-0.004244706	1427.334626
-0.001654974	1431.984598	-0.001979992	1431.984598	-0.001646577	1431.984598	-0.004390698	1431.984598	-0.007689085	1431.984598	-0.001278142	1431.984598	-0.002553709	1431.984598	-0.002272502	1431.984598	-0.004107117	1431.984598	-0.002572745	1431.984598	-0.001700064	1431.984598	-0.004599911	1431.984598
-0.001787911	1436.954376	-0.002005814	1436.954376	-0.001403445	1436.954376	-0.004207431	1436.954376	-0.006676808	1436.954376	-0.001542777	1436.954376	-0.002542698	1436.954376	-0.002327013	1436.954376	-0.003386639	1436.954376	-0.002357278	1436.954376	-0.001822392	1436.954376	-0.004804154	1436.954376
-0.001727704	1441.339982	-0.002044547	1441.339982	-0.001520563	1441.339982	-0.004215138	1441.339982	-0.007477491	1441.339982	-0.001330958	1441.339982	-0.002490004	1441.339982	-0.002219202	1441.339982	-0.003520013	1441.339982	-0.00326955	1441.339982	-0.001756894	1441.339982	-0.004992857	1441.339982
-0.001705548	1446.063792	-0.002019647	1446.063792	-0.001248275	1446.063792	-0.004397549	1446.063792	-0.008593807	1446.063792	-0.001448264	1446.063792	-0.002512025	1446.063792	-0.002232527	1446.063792	-0.003097663	1446.063792	-0.002466988	1446.063792	-0.001649014	1446.063792	-0.005456844	1446.063792
-0.001629446	1450.587064	-0.001942181	1450.587064	-0.001814595	1450.587064	-0.004665598	1450.587064	-0.00836956	1450.587064	-0.001154164	1450.587064	-0.002484498	1450.587064	-0.002348817	1450.587064	-0.003467709	1450.587064	-0.002456116	1450.587064	-0.001701028	1450.587064	-0.004346827	1450.587064
-0.001740227	1454.995203	-0.001897915	1454.995203	-9.68575E-4	1454.995203	-0.004532002	1454.995203	-0.006994551	1454.995203	-0.001348748	1454.995203	-0.002491577	1454.995203	-0.002228893	1454.995203	-0.003488631	1454.995203	-0.001813671	1454.995203	-0.001745335	1454.995203	-0.00516269	1454.995203
-0.001718552	1459.194066	-0.002028869	1459.194066	-0.001877849	1459.194066	-0.004734109	1459.194066	-0.008259193	1459.194066	-0.001319838	1459.194066	-0.002504161	1459.194066	-0.002314899	1459.194066	-0.004012971	1459.194066	-0.002256464	1459.194066	-0.001816613	1459.194066	-0.004855215	1459.194066
-0.001714218	1463.446399	-0.002005814	1463.446399	-9.93283E-4	1463.446399	-0.004749524	1463.446399	-0.009684113	1463.446399	-0.001028518	1463.446399	-0.002512025	1463.446399	-0.002280981	1463.446399	-0.003700459	1463.446399	-0.001678264	1463.446399	-0.001825282	1463.446399	-0.004686492	1463.446399
-0.00166268	1467.781108	-0.00195417	1467.781108	-2.87607E-4	1467.781108	-0.004727258	1467.781108	-0.008900302	1467.781108	-0.001315391	1467.781108	-0.002488431	1467.781108	-0.002416653	1467.781108	-0.003560548	1467.781108	-0.00228908	1467.781108	-0.001520907	1467.781108	-0.004591031	1467.781108
-0.001685318	1472.1094	-0.001926503	1472.1094	-8.05004E-4	1472.1094	-0.004964477	1472.1094	-0.010365291	1472.1094	-0.001471058	1472.1094	-0.002572585	1472.1094	-0.002331858	1472.1094	-0.004058737	1472.1094	-0.001554717	1472.1094	-0.001642272	1472.1094	-0.004788614	1472.1094
-0.001684355	1476.266857	-0.001899759	1476.266857	-1.64559E-4	1476.266857	-0.00511777	1476.266857	-0.009679193	1484.67257	-9.4568E-4	1476.266857	-0.002525396	1476.266857	-0.002310054	1476.266857	-0.004173804	1476.266857	-0.001835416	1476.266857	-0.001627824	1476.266857	-0.005535655	1476.266857
-0.001639561	1480.35756	-0.001932959	1480.35756	-2.31272E-4	1480.35756	-0.005462895	1480.35756	-0.008605758	1488.529284	-0.001497744	1480.35756	-0.002588314	1480.35756	-0.002335492	1480.35756	-0.004295409	1488.529284	-0.001337274	1492.708195	-0.001647088	1480.35756	-0.00520265	1480.35756
-0.001769126	1484.67257	-0.001894226	1484.67257	2.86125E-4	1484.67257	-0.00515117	1484.67257	-0.011064746	1500.140959	-8.2615E-4	1484.67257	-0.00257809	1484.67257	-0.002225259	1484.67257	-0.003699151	1492.708195			-0.001691396	1484.67257	-0.005018387	1484.67257
-0.001712773	1488.529284	-0.001908981	1488.529284	-7.46E-5	1488.529284	-0.005195702	1488.529284	-0.011211667	1503.749847	-0.001315391	1488.529284	-0.002540339	1488.529284	-0.00236093	1488.529284	-0.004126731	1500.140959			-0.001654794	1488.529284	-0.005665527	1488.529284
-0.001763347	1492.708195	-0.001921892	1492.708195	-6.78991E-4	1492.708195	-0.00548773	1492.708195	-0.010919232	1507.373407	-0.00112025	1492.708195	-0.002588314	1492.708195	-0.002303997	1492.708195	-0.003695229	1507.373407			-0.001621081	1492.708195	-0.005386913	1492.708195
-0.001740227	1496.466681	-0.001961547	1496.466681	2.68829E-4	1496.466681	-0.00580288	1496.466681	-0.012626043	1541.246646	-9.54576E-4	1496.466681	-0.002580449	1496.466681	-0.002393637	1496.466681					-0.001475637	1496.466681	-0.005880871	1496.466681
-0.001793209	1500.140959	-0.002011347	1500.140959	-4.94E-6	1500.140959	-0.005604198	1500.140959	-0.014497348	1551.694304	-0.001224214	1500.140959	-0.00260483	1500.140959	-0.002434823	1500.140959					-0.001722218	1500.140959	-0.005792069	1500.140959
-0.001822109	1503.749847	-0.001749438	1503.749847	0.001011568	1503.749847	-0.005412368	1503.749847	-0.013961685	1556.860823	-8.47832E-4	1503.749847	-0.00250652	1503.749847	-0.002341549	1503.749847					-0.001675021	1503.749847	-0.005906401	1503.749847
-0.001764791	1507.373407	-0.001813071	1507.373407	0.001086682	1507.373407	-0.005944184	1507.373407			-0.001613383	1507.373407	-0.002534047	1507.373407	-0.002348817	1507.373407					-0.001720292	1507.373407	-0.005473495	1507.373407
-0.001692543	1511.135044	-0.001988292	1511.135044	0.002056245	1511.135044	-0.006190824	1511.135044			-0.001304828	1511.135044	-0.002500228	1511.135044	-0.002318533	1511.135044					-0.001764599	1511.135044	-0.006793305	1511.135044
-0.00175564	1514.819428	-0.001885004	1514.819428	0.001527482	1514.819428	-0.006050376	1514.819428			-0.001072438	1514.819428	-0.002541912	1514.819428	-0.002404539	1514.819428					-0.001746298	1514.819428	-0.005769869	1514.819428
-0.001781649	1518.072835	-0.001823215	1518.072835	0.002314696	1518.072835	-0.005969876	1518.072835			-0.001096344	1518.072835	-0.002501015	1518.072835	-0.002350028	1518.072835					-0.001777121	1518.072835	-0.005459064	1518.072835
-0.00160729	1521.545507	-0.001782638	1521.545507	0.00195148	1521.545507	-0.006356106	1521.545507			-0.001502748	1521.545507	-0.002563147	1521.545507	-0.002406962	1521.545507					-0.001572921	1521.545507	-0.00520709	1521.545507
-0.001788393	1524.855945	-0.001892381	1524.855945	0.002268738	1524.855945	-0.006082063	1524.855945			-0.001426026	1524.855945	-0.002603257	1524.855945	-0.002307631	1524.855945					-0.001591222	1524.855945	-0.006082894	1524.855945
-0.001743599	1528.28613	-0.001852726	1528.28613	0.002074529	1528.28613	-0.006390362	1528.28613			-0.001360979	1528.28613	-0.00253562	1528.28613	-0.002379101	1528.28613					-0.001614339	1528.28613	-0.005552306	1528.28613
-0.001825962	1541.246646	-0.001905292	1541.246646	0.002988745	1541.246646	-0.006628438	1541.246646			-0.00150664	1541.246646	-0.002547417	1541.246646	-0.002392426	1541.246646					-0.001544988	1541.246646	-0.006049593	1541.246646
-0.001827889	1545.288024	-0.001813071	1545.288024	0.002501987	1545.288024	-0.006700374	1545.288024			-0.001356532	1545.288024	-0.002585955	1545.288024	-0.002393637	1545.288024					-0.001596038	1545.288024	-0.006404799	1545.288024
-0.001735892	1548.463774	-0.001905292	1548.463774	0.002666545	1548.463774	-0.006736342	1548.463774			-0.001213095	1548.463774	-0.002622133	1548.463774	-0.002399694	1548.463774					-0.001786753	1548.463774	-0.006708944	1548.463774
-0.001756603	1551.694304	-0.001864715	1551.694304	0.002917584	1551.694304	-0.006776593	1551.694304			-0.001514423	1551.694304	-0.002541125	1551.694304	-0.002374255	1551.694304					-0.001570031	1551.694304	-0.006778875	1551.694304
-0.001813921	1554.944045	-0.001765116	1554.944045	0.002574136	1554.944045	-0.006695236	1554.944045			-0.001154164	1554.944045	-0.002626065	1554.944045	-0.002307631	1554.944045					-0.001630713	1554.944045	-0.006641233	1554.944045
-0.00176142	1556.860823	-0.001818604	1556.860823	0.003554076	1556.860823	-0.006989833	1556.860823			-0.001042973	1556.860823	-0.002629998	1556.860823	-0.002362142	1556.860823					-0.001584479	1556.860823	-0.006321548	1556.860823
-0.001798989	1559.257692	-0.001840738	1559.257692	0.003315886	1559.257692	-0.006986407	1559.257692			-0.001458271	1559.257692	-0.002560001	1559.257692	-0.002436034	1559.257692					-0.001764599	1559.257692	-0.006999768	1559.257692
-0.001722406	1563.455148	-0.001727305	1563.455148	0.003321322	1563.455148	-0.007263877	1563.455148			-0.001208091	1563.455148	-0.002546631	1563.455148	-0.002454205	1563.455148					-0.001589295	1563.455148	-0.006292687	1563.455148
-0.001759975	1566.288798	-0.001935725	1566.288798	0.003281294	1566.288798	-0.007524219	1566.288798			-0.001388221	1566.288798	-0.002556855	1566.288798	-0.002300363	1566.288798					-0.001837803	1566.288798	-0.005731018	1566.288798
-0.001855343	1570.65709	-0.001849037	1570.65709	0.003345536	1570.65709	-0.007274154	1570.65709			-0.00120142	1570.65709	-0.002580449	1570.65709	-0.002320956	1570.65709					-0.00183973	1570.65709	-0.008320688	1570.65709
-0.001723851	1565.789593	-0.00171255	1565.789593	0.004417392	1565.789593	-0.008663214	1565.789593			-0.001568351	1565.789593	-0.002618201	1565.789593	-0.002419075	1565.789593					-0.001583516	1565.789593	-0.005626677	1565.789593
-0.001758048	1588.203913	-0.001771572	1588.203913	0.004332889	1588.203913	-0.00904345	1588.203913			-0.001519982	1588.203913	-0.002600111	1588.203913	-0.002399694	1588.203913					-0.001684653	1588.203913	-0.006203886	1588.203913
-0.001765273	1593.53266	-0.001875782	1593.53266	0.005385473	1593.53266	-0.009307217	1593.53266			-0.001489961	1593.53266	-0.002691343	1593.53266	-0.002531731	1593.53266					-0.001444814	1593.53266	-0.007535906	1593.53266
-0.001716144	1601.923434	-0.001680272	1601.923434	0.005299487	1601.923434	-0.009678033	1601.923434			-0.00177183	1601.923434	-0.002523036	1601.923434	-0.002444514	1601.923434					-0.001924492	1601.923434	-0.00714629	1601.923434
-0.001823554	1603.041631	-0.001781716	1603.041631	0.0051967	1603.041631	-0.009421973	1603.041631			-0.001613383	1603.041631	-0.002566293	1603.041631	-0.002437246	1603.041631					-0.001803128	1603.041631	-0.006726704	1603.041631
-0.001817774	1608.98815	-0.001683039	1608.98815	0.00507464	1608.98815	-0.008814794	1608.98815			-0.001259795	1608.98815	-0.002551349	1608.98815	-0.002394848	1608.98815					-0.001697175	1608.98815	-0.007436005	1608.98815
-0.001794654	1610.645159	-0.00176696	1610.645159	0.005013857	1610.645159	-0.01012421	1610.645159			-0.00112303	1610.645159	-0.002494723	1610.645159	-0.0024857	1610.645159					-0.001786753	1610.645159	-0.00713186	1610.645159
-0.001803324	1616.190923	-0.001861026	1616.190923	0.004963945	1616.190923	-0.010188439	1616.190923			-0.00162339	1616.190923	-0.002414502	1616.190923	-0.002479643	1616.190923					-0.001609523	1616.190923	-0.006022953	1620.60237
-0.001728186	1620.60237	-0.00176696	1620.60237	0.004641252	1620.60237	-0.010143907	1620.60237			-0.001548336	1620.60237	-0.002531687	1620.60237	-0.00262864	1620.60237					-0.001747262	1620.60237	-0.004333507	1627.528697
-0.001785503	1627.528697	-0.001749438	1627.528697	0.005359776	1627.528697	-0.010213275	1627.528697			-0.001680098	1627.528697	-0.002626852	1627.528697	-0.002568072	1627.528697					-0.001543061	1627.528697	-0.005311432	1615.878259
-0.001782613	1615.878259	-0.001795549	1615.878259	0.005457128	1615.878259	-0.010324605	1615.878259			-0.001314279	1615.878259	-0.002600898	1615.878259	-0.002518407	1615.878259					-0.001852251	1615.878259	-0.006741134	1621.149451
-0.001808141	1621.149451	-0.001764194	1621.149451	0.005074145	1621.149451	-0.009784225	1621.149451			-0.001782393	1621.149451	-0.00260719	1621.149451	-0.002515984	1621.149451					-0.001781937	1621.149451	-0.006724484	1624.516556
-0.001695433	1624.516556	-0.00172915	1624.516556	0.00560785	1624.516556	-0.010678293	1624.516556			-0.001458271	1624.516556	-0.00253562	1624.516556	-0.002535366	1624.516556					-0.001752078	1624.516556	-0.004982867	1627.085284
-0.0018197	1627.085284	-0.001750361	1627.085284	0.005583635	1627.085284	-0.010468478	1627.085284			-0.001458271	1627.085284	-0.002475061	1627.085284	-0.002478432	1627.085284					-0.00181276	1627.085284	-0.006041823	1631.940999
-0.001704584	1631.940999	-0.001754972	1631.940999	0.006676741	1631.940999	-0.010221839	1631.940999			-0.001739585	1631.940999	-0.00256472	1631.940999	-0.002429978	1631.940999					-0.001727034	1631.940999	-0.004725343	1633.613969
-0.001745525	1633.613969	-0.001686728	1633.613969	0.005119609	1633.613969	-0.011082508	1633.613969			-0.002222154	1633.613969	-0.002579663	1633.613969	-0.002350028	1633.613969					-0.001604707	1633.613969	-0.005129389	1639.455244
-0.001870274	1639.455244	-0.001741139	1639.455244	0.004790986	1639.455244	-0.011036263	1639.455244			-0.001269802	1639.455244	-0.00249315	1639.455244	-0.002450571	1639.455244					-0.001859957	1639.455244	-0.007684649	1643.160964
-0.001799952	1643.160964	-0.001772494	1643.160964	0.00623347	1643.160964	-0.010541271	1643.160964			-0.001599484	1643.160964	-0.00251989	1643.160964	-0.002353662	1643.160964					-0.001754967	1643.160964	-0.005223741	1644.522292
-0.001715662	1644.522292	-0.001906215	1644.522292	0.006491427	1644.522292	-0.010693708	1644.522292			-0.001838545	1644.522292	-0.002482139	1644.522292	-0.002468741	1644.522292					-0.001552693	1644.522292	-0.005400233	1646.132057
-0.00176142	1646.132057	-0.00160004	1646.132057	0.006095596	1646.132057	-0.011114194	1646.132057			-0.001485513	1646.132057	-0.002518317	1646.132057	-0.002478432	1646.132057					-0.001665389	1646.132057	-0.006246066	1647.818518
-0.001731557	1647.818518	-0.001760505	1647.818518	0.005381025	1647.818518	-0.010713405	1647.818518			-0.001451044	1647.818518	-0.002504947	1647.818518	-0.002392426	1647.818518					-0.001681763	1647.818518	-0.00648472	1649.712632
-0.00174697	1649.712632	-0.001743905	1649.712632	0.00553916	1649.712632	-0.010069402	1649.712632			-0.001468835	1649.712632	-0.00253562	1649.712632	-0.002608047	1649.712632					-0.001522834	1649.712632	-0.006601272	1651.528256
-0.001626556	1651.528256	-0.001667361	1651.528256	0.00612327	1651.528256	-0.010937778	1651.528256			-0.001473282	1651.528256	-0.002504947	1651.528256	-0.002437246	1651.528256					-0.001693322	1651.528256	-0.004426748	1651.866007
-0.001684355	1651.866007	-0.001877626	1651.866007	0.006395558	1651.866007	-0.011625457	1651.866007			-0.001861895	1651.866007	-0.002445961	1651.866007	-0.002532943	1651.866007					-0.00155173	1651.866007	-0.004694262	1624.576754
-0.001725777	1624.576754	-0.001669206	1624.576754	0.006125247	1624.576754	-0.010673155	1624.576754			-0.001426582	1624.576754	-0.002497082	1624.576754	-0.002283404	1624.576754					-0.00173474	1624.576754	-0.00455773	1639.318908
-0.001649194	1639.318908	-0.001717161	1639.318908	0.005465035	1639.318908	-0.011246934	1639.318908			-0.001836877	1639.318908	-0.002440455	1639.318908	-0.002531731	1639.318908					-0.001697175	1639.318908	-0.005899741	1643.058351
-0.001625111	1643.058351	-0.00171255	1643.058351	0.006986586	1643.058351	-0.011485866	1643.058351			-0.001429918	1643.058351	-0.002488431	1643.058351	-0.002469952	1643.058351					-0.001482379	1643.058351	-0.005127169	1648.290407
-0.001678093	1638.074494	-0.001776183	1638.074494	0.00525007	1638.074494	-0.011981714	1638.074494			-0.002082609	1638.074494	-0.002458545	1638.074494	-0.00257534	1638.074494					-0.001663462	1638.074494	-0.004286886	1653.987313
-0.001714699	1648.290407	-0.001845349	1648.290407	0.005534218	1648.290407	-0.011699963	1648.290407			-0.001836877	1648.290407	-0.002487644	1648.290407	-0.002403328	1648.290407					-0.001715476	1648.290407	-0.004576601	1635.244406
-0.001698323	1653.987313	-0.001794627	1653.987313	0.007529186	1653.987313	-0.010948055	1653.987313			-0.001968639	1653.987313	-0.002380683	1653.987313	-0.002429978	1653.987313					-0.001634566	1653.987313	-0.003734098	1657.445822
-0.001585615	1635.244406	-0.001807538	1635.244406	0.006811156	1635.244406	-0.011516696	1635.244406			-0.001735693	1635.244406	-0.002349223	1635.244406	-0.002358508	1635.244406					-0.001447704	1635.244406	-0.005141599	1665.322898
-0.001556716	1657.445822	-0.001825982	1657.445822	0.006800284	1657.445822	-0.010346871	1657.445822			-0.001822978	1657.445822	-0.002438096	1657.445822	-0.002593511	1657.445822					-0.001420734	1657.445822	-0.004420088	1664.847478
-0.001711328	1665.322898	-0.001722694	1665.322898	0.005813919	1665.322898	-0.011301743	1665.322898			-0.001970862	1665.322898	-0.002377537	1665.322898	-0.002541422	1665.322898					-0.001712586	1665.322898		
-0.001547564	1664.847478	-0.001821371	1664.847478	0.008257099	1664.847478	-0.011734218	1664.847478			-0.001937505	1664.847478	-0.002452253	1664.847478	-0.002431189	1664.847478					-0.001593148	1664.847478		
